# time of execution: 2022-05-12 14:32:59
#model:m3tm
### simulation parameters ###
# timestep dt=1e-16[s]
# initial temperature:295.0[K]
# initial magnetization [x,y,z]:[0.0, 0.0, 0.96925]
### sample paramters ###
# Sample: Nickel
# S=0.5
# mu_at=0.616[mu_B]
# nx=1	ny=1	nz=1
# dx=3.524e-10	dy=3.524e-10	dz=3.524e-10	[m]
# atoms per unit cell:4
# asf=0.048
# gep, cv_el, cv_ph: DFT-interpolation
# Tc=633[K]
# T_Deb=360[K]
### pulse paramters ###
# peak power:1.39e+22[W/m^3]
# sigma=1.8e-14[s]
# delay=1e-11[s]
#############################
# time [ps]	magnetization	T_e [K]	T_p [K]	E_tot [J/m^3]	E_el [J/m^3]	E_ph [J/m^3]	E_spin [J/m^3]
0.0	1.0	295.0	295.0	0	0	0	0
0.01	1.000000015260463	295.0	295.0	0.0	0.0	0.0	0.0
0.02	1.0000000303699785	295.0	295.0	0.0	0.0	0.0	0.0
0.03	1.0000000453300406	295.0	295.0	0.0	0.0	0.0	0.0
0.04	1.0000000601421257	295.0	295.0	0.0	0.0	0.0	0.0
0.05	1.0000000748076978	295.0	295.0	0.0	0.0	0.0	0.0
0.06	1.0000000893282062	295.0	295.0	0.0	0.0	0.0	0.0
0.07	1.0000001037050876	295.0	295.0	0.0	0.0	0.0	0.0
0.08	1.000000117939761	295.0	295.0	0.0	0.0	0.0	0.0
0.09	1.000000132033633	295.0	295.0	0.0	0.0	0.0	0.0
0.1	1.000000145988097	295.0	295.0	0.0	0.0	0.0	0.0
0.11	1.0000001598045314	295.0	295.0	0.0	0.0	0.0	0.0
0.12	1.0000001734843016	295.0	295.0	0.0	0.0	0.0	0.0
0.13	1.0000001870287587	295.0	295.0	0.0	0.0	0.0	0.0
0.14	1.0000002004392423	295.0	295.0	0.0	0.0	0.0	0.0
0.15	1.000000213717078	295.0	295.0	0.0	0.0	0.0	0.0
0.16	1.000000226863576	295.0	295.0	0.0	0.0	0.0	0.0
0.17	1.0000002398800376	295.0	295.0	0.0	0.0	0.0	0.0
0.18	1.0000002527677472	295.0	295.0	0.0	0.0	0.0	0.0
0.19	1.0000002655279792	295.0	295.0	0.0	0.0	0.0	0.0
0.2	1.0000002781619939	295.0	295.0	0.0	0.0	0.0	0.0
0.21	1.000000290671041	295.0	295.0	0.0	0.0	0.0	0.0
0.22	1.0000003030563562	295.0	295.0	0.0	0.0	0.0	0.0
0.22999999999999998	1.0000003153191621	295.0	295.0	0.0	0.0	0.0	0.0
0.24	1.000000327460672	295.0	295.0	0.0	0.0	0.0	0.0
0.25	1.0000003394820858	295.0	295.0	0.0	0.0	0.0	0.0
0.26	1.0000003513845903	295.0	295.0	0.0	0.0	0.0	0.0
0.27	1.0000003631693621	295.0	295.0	0.0	0.0	0.0	0.0
0.28	1.0000003748375659	295.0	295.0	0.0	0.0	0.0	0.0
0.29	1.0000003863903553	295.0	295.0	0.0	0.0	0.0	0.0
0.3	1.0000003978288698	295.0	295.0	0.0	0.0	0.0	0.0
0.31	1.0000004091542405	295.0	295.0	0.0	0.0	0.0	0.0
0.32	1.0000004203675874	295.0	295.0	0.0	0.0	0.0	0.0
0.33	1.000000431470021	295.0	295.0	0.0	0.0	0.0	0.0
0.34	1.0000004424626334	295.0	295.0	0.0	0.0	0.0	0.0
0.35	1.0000004533465134	295.0	295.0	0.0	0.0	0.0	0.0
0.36	1.0000004641227365	295.0	295.0	0.0	0.0	0.0	0.0
0.37	1.0000004747923676	295.0	295.0	0.0	0.0	0.0	0.0
0.38	1.0000004853564601	295.0	295.0	0.0	0.0	0.0	0.0
0.39	1.0000004958160593	295.0	295.0	0.0	0.0	0.0	0.0
0.4	1.0000005061721977	295.0	295.0	0.0	0.0	0.0	0.0
0.41	1.0000005164258994	295.0	295.0	0.0	0.0	0.0	0.0
0.42	1.000000526578177	295.0	295.0	0.0	0.0	0.0	0.0
0.43	1.0000005366300346	295.0	295.0	0.0	0.0	0.0	0.0
0.44	1.000000546582464	295.0	295.0	0.0	0.0	0.0	0.0
0.45	1.00000055643645	295.0	295.0	0.0	0.0	0.0	0.0
0.45999999999999996	1.0000005661929667	295.0	295.0	0.0	0.0	0.0	0.0
0.47000000000000003	1.0000005758529775	295.0	295.0	0.0	0.0	0.0	0.0
0.48	1.0000005854174367	295.0	295.0	0.0	0.0	0.0	0.0
0.49000000000000005	1.0000005948872888	295.0	295.0	0.0	0.0	0.0	0.0
0.5	1.000000604263472	295.0	295.0	0.0	0.0	0.0	0.0
0.5099999999999999	1.0000006135469106	295.0	295.0	0.0	0.0	0.0	0.0
0.52	1.0000006227385227	295.0	295.0	0.0	0.0	0.0	0.0
0.5299999999999999	1.0000006318392174	295.0	295.0	0.0	0.0	0.0	0.0
0.54	1.0000006408498923	295.0	295.0	0.0	0.0	0.0	0.0
0.5499999999999999	1.0000006497714395	295.0	295.0	0.0	0.0	0.0	0.0
0.56	1.0000006586047396	295.0	295.0	0.0	0.0	0.0	0.0
0.57	1.000000667350666	295.0	295.0	0.0	0.0	0.0	0.0
0.58	1.0000006760100832	295.0	295.0	0.0	0.0	0.0	0.0
0.59	1.0000006845838456	295.0	295.0	0.0	0.0	0.0	0.0
0.6	1.0000006930728012	295.0	295.0	0.0	0.0	0.0	0.0
0.61	1.0000007014777894	295.0	295.0	0.0	0.0	0.0	0.0
0.62	1.000000709799639	295.0	295.0	0.0	0.0	0.0	0.0
0.6299999999999999	1.000000718039175	295.0	295.0	0.0	0.0	0.0	0.0
0.64	1.00000072619721	295.0	295.0	0.0	0.0	0.0	0.0
0.6499999999999999	1.0000007342745492	295.0	295.0	0.0	0.0	0.0	0.0
0.66	1.0000007422719934	295.0	295.0	0.0	0.0	0.0	0.0
0.6699999999999999	1.0000007501903314	295.0	295.0	0.0	0.0	0.0	0.0
0.68	1.0000007580303443	295.0	295.0	0.0	0.0	0.0	0.0
0.69	1.000000765792809	295.0	295.0	0.0	0.0	0.0	0.0
0.7	1.0000007734784921	295.0	295.0	0.0	0.0	0.0	0.0
0.71	1.0000007810881526	295.0	295.0	0.0	0.0	0.0	0.0
0.72	1.0000007886225426	295.0	295.0	0.0	0.0	0.0	0.0
0.73	1.000000796082407	295.0	295.0	0.0	0.0	0.0	0.0
0.74	1.0000008034684826	295.0	295.0	0.0	0.0	0.0	0.0
0.7499999999999999	1.000000810781499	295.0	295.0	0.0	0.0	0.0	0.0
0.76	1.0000008180221795	295.0	295.0	0.0	0.0	0.0	0.0
0.7699999999999999	1.0000008251912393	295.0	295.0	0.0	0.0	0.0	0.0
0.78	1.0000008322893867	295.0	295.0	0.0	0.0	0.0	0.0
0.7899999999999999	1.0000008393173234	295.0	295.0	0.0	0.0	0.0	0.0
0.8	1.0000008462757435	295.0	295.0	0.0	0.0	0.0	0.0
0.8099999999999999	1.0000008531653348	295.0	295.0	0.0	0.0	0.0	0.0
0.82	1.0000008599867778	295.0	295.0	0.0	0.0	0.0	0.0
0.83	1.0000008667407474	295.0	295.0	0.0	0.0	0.0	0.0
0.84	1.0000008734279098	295.0	295.0	0.0	0.0	0.0	0.0
0.85	1.0000008800489275	295.0	295.0	0.0	0.0	0.0	0.0
0.86	1.000000886604454	295.0	295.0	0.0	0.0	0.0	0.0
0.87	1.000000893095137	295.0	295.0	0.0	0.0	0.0	0.0
0.88	1.000000899521619	295.0	295.0	0.0	0.0	0.0	0.0
0.8899999999999999	1.000000905884533	295.0	295.0	0.0	0.0	0.0	0.0
0.9	1.0000009121845082	295.0	295.0	0.0	0.0	0.0	0.0
0.9099999999999999	1.0000009184221668	295.0	295.0	0.0	0.0	0.0	0.0
0.9199999999999999	1.0000009245981267	295.0	295.0	0.0	0.0	0.0	0.0
0.93	1.0000009307129971	295.0	295.0	0.0	0.0	0.0	0.0
0.9400000000000001	1.000000936767383	295.0	295.0	0.0	0.0	0.0	0.0
0.95	1.000000942761884	295.0	295.0	0.0	0.0	0.0	0.0
0.96	1.0000009486970896	295.0	295.0	0.0	0.0	0.0	0.0
0.9699999999999999	1.0000009545735862	295.0	295.0	0.0	0.0	0.0	0.0
0.9800000000000001	1.0000009603919564	295.0	295.0	0.0	0.0	0.0	0.0
0.99	1.0000009661527736	295.0	295.0	0.0	0.0	0.0	0.0
1.0	1.0000009718566094	295.0	295.0	0.0	0.0	0.0	0.0
1.01	1.0000009775040264	295.0	295.0	0.0	0.0	0.0	0.0
1.0199999999999998	1.000000983095582	295.0	295.0	0.0	0.0	0.0	0.0
1.03	1.000000988631828	295.0	295.0	0.0	0.0	0.0	0.0
1.04	1.0000009941133134	295.0	295.0	0.0	0.0	0.0	0.0
1.05	1.0000009995405787	295.0	295.0	0.0	0.0	0.0	0.0
1.0599999999999998	1.000001004914161	295.0	295.0	0.0	0.0	0.0	0.0
1.0699999999999998	1.0000010102345893	295.0	295.0	0.0	0.0	0.0	0.0
1.08	1.000001015502393	295.0	295.0	0.0	0.0	0.0	0.0
1.09	1.0000010207180903	295.0	295.0	0.0	0.0	0.0	0.0
1.0999999999999999	1.000001025882196	295.0	295.0	0.0	0.0	0.0	0.0
1.1099999999999999	1.0000010309952219	295.0	295.0	0.0	0.0	0.0	0.0
1.12	1.000001036057675	295.0	295.0	0.0	0.0	0.0	0.0
1.1300000000000001	1.0000010410700504	295.0	295.0	0.0	0.0	0.0	0.0
1.14	1.0000010460328475	295.0	295.0	0.0	0.0	0.0	0.0
1.15	1.0000010509465542	295.0	295.0	0.0	0.0	0.0	0.0
1.16	1.0000010558116592	295.0	295.0	0.0	0.0	0.0	0.0
1.1700000000000002	1.0000010606286416	295.0	295.0	0.0	0.0	0.0	0.0
1.18	1.0000010653979752	295.0	295.0	0.0	0.0	0.0	0.0
1.19	1.0000010701201334	295.0	295.0	0.0	0.0	0.0	0.0
1.2	1.0000010747955825	295.0	295.0	0.0	0.0	0.0	0.0
1.21	1.0000010794247838	295.0	295.0	0.0	0.0	0.0	0.0
1.22	1.0000010840081959	295.0	295.0	0.0	0.0	0.0	0.0
1.23	1.000001088546273	295.0	295.0	0.0	0.0	0.0	0.0
1.24	1.0000010930394607	295.0	295.0	0.0	0.0	0.0	0.0
1.25	1.0000010974882043	295.0	295.0	0.0	0.0	0.0	0.0
1.2599999999999998	1.000001101892944	295.0	295.0	0.0	0.0	0.0	0.0
1.27	1.0000011062541154	295.0	295.0	0.0	0.0	0.0	0.0
1.28	1.0000011105721476	295.0	295.0	0.0	0.0	0.0	0.0
1.29	1.0000011148474681	295.0	295.0	0.0	0.0	0.0	0.0
1.2999999999999998	1.0000011190804998	295.0	295.0	0.0	0.0	0.0	0.0
1.31	1.0000011232716606	295.0	295.0	0.0	0.0	0.0	0.0
1.32	1.0000011274213667	295.0	295.0	0.0	0.0	0.0	0.0
1.33	1.0000011315300237	295.0	295.0	0.0	0.0	0.0	0.0
1.3399999999999999	1.00000113559804	295.0	295.0	0.0	0.0	0.0	0.0
1.3499999999999999	1.000001139625818	295.0	295.0	0.0	0.0	0.0	0.0
1.36	1.0000011436137553	295.0	295.0	0.0	0.0	0.0	0.0
1.37	1.0000011475622466	295.0	295.0	0.0	0.0	0.0	0.0
1.38	1.00000115147168	295.0	295.0	0.0	0.0	0.0	0.0
1.39	1.0000011553424455	295.0	295.0	0.0	0.0	0.0	0.0
1.4	1.000001159174923	295.0	295.0	0.0	0.0	0.0	0.0
1.4100000000000001	1.0000011629694918	295.0	295.0	0.0	0.0	0.0	0.0
1.42	1.000001166726527	295.0	295.0	0.0	0.0	0.0	0.0
