Delay [ps] Temperature [K] Temperature error [K]
0.0	297.8
0.1 300.701
0.159 300.1
0.2 303.156
0.3 303.2
0.309 306.4
0.4 307.695
0.4 306.1
0.459 310.5
0.5 309.405
0.6 310.2
0.609 309.9
0.7 313.974
0.8 311.1
0.859 315.6
1.0 309.960
1.1 315.2
1.159 310.1
1.3 315.357
1.4 313.6
1.459 314.7
1.6 316.606
1.7 315.6
1.759 312.8
1.9 317.634
2.0 317.8
2.059 314.5
2.2 313.418
2.4 317.6
2.659 315.6
2.9 312.516
3.2 315.2
3.659 318.3
4.2 317.377
4.7 315.7
5.159 318.4
5.7 314.146
6.2 317.3
6.659 315.5
7.2 315.445
7.7 318.0
8.159 318.6
8.7 316.891 
9.2 315.7
9.659 315.8
10.2 313.911 