Delay [ps] Temperature [K] Temperature error [K]
-3.861 296.9  3.8
-3.361 292.8  3.8
-2.861 296.0  3.8
-2.361 295.7  3.8
-1.861 298.4  3.8
-1.761 295.1  3.8
-1.399 292.6  3.8
-1.102 295.2  3.7
-0.859 293.8  3.8
-0.660 294.5  3.8
-0.497 295.3  3.8
-0.364 294.0  3.8
-0.255 292.9  3.9
-0.165 297.7  3.8
-0.092 298.0  3.8
-0.032 300.8  3.8
0.017 308.5  3.7
0.057 306.6  3.8
0.090 311.3  3.8
0.117 311.9  3.8
0.139 312.5  3.8
0.156 316.7  3.7
0.176 318.1  3.8
0.200 323.5  3.8
0.228 328.9  3.7
0.260 333.4  3.8
0.268 331.2  3.8
0.275 336.9  3.8
0.283 333.4  3.8
0.290 335.4  3.8
0.298 340.1  3.7
0.343 338.8  3.8
0.396 343.3  3.8
0.457 349.4  3.8
0.530 351.3  3.8
0.615 356.2  3.8
0.714 354.6  3.8
0.831 361.6  3.8
0.969 361.4  3.8
1.130 366.0  3.9
1.319 367.2  3.8
1.541 368.2  3.9
1.801 367.8  4.0
2.107 368.7  4.0
2.465 369.2  3.9
2.886 368.7  4.0
3.380 372.3  4.0
3.959 370.3  4.0
4.639 370.5  3.9
5.139 368.2  3.9
5.639 366.7  4.0
6.139 368.2  3.9
7.139 364.6  3.9
8.139 366.1  3.9
9.139 364.1  4.0
10.139 367.2  4.0