Delay [ps] Temperature [K] Temperature error [K]
-3.954 293.7  3.4
-3.454 296.6  3.4
-2.954 294.6  3.4
-2.454 293.3  3.4
-1.954 294.0  3.4
-1.854 293.3  3.4
-1.492 295.8  3.4
-1.195 296.4  3.4
-0.952 297.2  3.4
-0.753 295.9  3.4
-0.590 295.3  3.4
-0.457 294.1  3.5
-0.348 292.4  3.4
-0.258 294.8  3.4
-0.185 294.9  3.4
-0.125 296.3  3.5
-0.076 296.6  3.4
-0.036 301.1  3.4
-0.003 303.3  3.4
0.024 307.4  3.5
0.046 312.9  3.4
0.063 314.0  3.5
0.083 317.1  3.4
0.107 321.2  3.5
0.135 329.0  3.5
0.167 339.1  3.5
0.175 337.1  3.5
0.182 338.2  3.4
0.190 340.2  3.4
0.197 340.2  3.5
0.205 343.2  3.4
0.250 350.7  3.5
0.303 359.2  3.5
0.364 370.1  3.6
0.437 378.1  3.5
0.522 386.7  3.6
0.621 395.4  3.7
0.738 400.1  3.7
0.876 404.3  3.7
1.037 407.3  3.8
1.226 412.9  3.9
1.448 415.7  3.9
1.708 415.7  4.0
2.014 419.2  4.1
2.372 420.9  4.1
2.793 420.5  4.2
3.287 421.3  4.2
3.866 421.1  4.0
4.546 419.7  4.1
5.046 415.3  3.9
5.546 413.2  3.9
6.046 411.0  3.8
7.046 406.4  4.0
8.046 410.6  4.1
9.046 410.6  4.1
10.046 412.3  4.0
11.046 409.4  3.9
12.046 407.9  3.9
13.046 404.7  3.9
14.046 407.7  4.0
15.046 404.9  4.1
16.046 407.6  4.1
17.046 407.4  4.0
18.046 404.8  3.9
19.046 402.0  4.0
20.046 401.7  4.2