Delay [ps] Temperature [K] Temperature error [K]
-3.962 299.7  3.7
-3.462 294.4  3.7
-2.962 291.5  3.6
-2.462 294.7  3.7
-1.962 296.8  3.5
-1.862 292.7  3.6
-1.500 295.2  3.5
-1.203 297.6  3.6
-0.960 298.3  3.6
-0.761 288.7  3.5
-0.598 293.7  3.7
-0.465 297.5  3.6
-0.356 291.1  3.6
-0.266 294.9  3.6
-0.193 293.1  3.6
-0.133 297.0  3.6
-0.084 300.0  3.6
-0.044 306.1  3.7
-0.011 311.3  3.6
0.016 317.9  3.6
0.038 318.9  3.7
0.055 323.0  3.6
0.075 326.7  3.7
0.099 338.3  3.7
0.127 345.0  3.7
0.159 353.0  3.6
0.167 354.2  3.8
0.174 360.5  3.7
0.182 356.1  3.8
0.189 360.1  3.7
0.197 362.9  3.8
0.242 373.9  3.7
0.295 395.2  3.8
0.356 409.3  3.8
0.429 421.3  3.9
0.514 436.3  4.1
0.613 447.6  4.2
0.730 464.3  4.4
0.868 471.0  4.5
1.029 484.3  4.5
1.218 489.9  4.6
1.440 492.2  4.9
1.700 495.8  5.1
2.006 494.7  5.2
2.364 499.9  5.5
2.785 497.6  5.4
3.279 498.6  5.6
3.858 496.6  5.3
4.538 493.8  5.1
5.038 493.1  4.7
5.538 481.7  4.8
6.038 483.8  4.6
7.038 479.0  4.9
8.038 477.2  5.4
9.038 485.4  5.4
10.038 484.1  5.3