Delay [ps] Temperature [K] Temperature error [K]
-3.858 295.4  4.2
-3.358 299.9  4.4
-2.858 292.8  4.4
-2.358 294.0  4.6
-1.858 297.5  4.3
-1.758 293.6  4.4
-1.396 303.7  4.5
-1.099 294.4  4.3
-0.856 293.0  4.3
-0.657 292.7  4.5
-0.494 287.1  4.5
-0.361 297.0  4.3
-0.252 295.7  4.4
-0.162 296.2  4.4
-0.089 314.4  4.4
-0.029 311.5  4.2
0.020 322.6  4.6
0.060 343.9  4.4
0.093 346.9  4.5
0.120 362.6  4.4
0.142 363.2  4.4
0.159 379.0  4.6
0.179 379.9  4.6
0.203 393.9  4.5
0.231 401.2  4.8
0.263 418.8  4.7
0.271 421.1  4.6
0.278 416.5  4.6
0.286 428.9  4.6
0.293 423.6  4.8
0.301 431.1  4.7
0.346 441.8  4.9
0.399 470.1  5.1
0.460 476.7  5.0
0.479 484.4  5.1
0.497 487.4  5.0
0.515 484.6  5.1
0.533 487.8  5.2
0.555 494.7  5.3
0.576 503.6  5.3
0.618 506.3  5.1
0.668 522.4  5.6
0.717 525.3  5.5
0.776 525.2  5.8
0.834 529.9  5.6
0.903 547.7  5.9
0.972 549.8  6.1
1.133 565.2  6.4
1.322 560.8  6.4
1.544 571.6  6.4
1.804 570.3  6.8
2.110 579.1  7.0
2.468 579.6  7.4
2.889 579.1  7.5
3.383 579.5  7.5
3.962 574.4  6.8
4.642 580.6  6.9
5.142 565.0  6.4
5.642 570.1  6.3
6.142 559.2  6.3
7.142 556.3  6.5
8.142 550.1  7.0
9.142 560.3  7.3
10.142 553.5  6.7