Delay [ps] Temperature [K] Temperature error [K]
-3.949 297.6  3.7
-3.449 293.2  3.6
-2.949 295.4  3.6
-2.449 291.6  3.7
-1.949 296.2  3.8
-1.849 291.6  3.6
-1.487 292.2  3.8
-1.190 301.0  3.6
-0.947 295.3  3.8
-0.748 295.6  3.8
-0.585 296.2  3.8
-0.452 293.9  3.7
-0.343 294.1  3.7
-0.253 296.5  3.7
-0.180 298.5  3.7
-0.120 296.3  3.6
-0.071 306.9  3.7
-0.031 306.8  3.8
0.002 322.3  3.7
0.029 321.5  3.7
0.051 332.7  3.6
0.068 340.7  3.7
0.088 345.8  3.9
0.112 353.8  3.7
0.140 364.0  3.9
0.172 377.5  3.9
0.180 376.1  3.8
0.187 381.2  3.8
0.195 386.9  4.0
0.202 390.7  3.9
0.210 393.6  3.9
0.255 407.7  3.9
0.308 427.8  4.0
0.369 446.9  4.1
0.442 464.4  4.4
0.527 485.5  4.5
0.626 502.7  4.8
0.743 523.6  4.7
0.881 541.9  5.1
1.042 544.9  5.3
1.231 558.4  5.6
1.453 563.0  5.9
1.713 566.5  6.2
2.019 570.5  6.5
2.377 568.7  6.6
2.798 574.1  6.8
3.292 570.6  6.9
3.871 567.0  6.6
4.551 564.7  5.9
5.051 559.0  5.5
5.551 556.8  5.4
6.051 552.6  5.4
7.051 542.4  5.9
8.051 544.9  6.5
9.051 549.7  6.8
10.051 555.6  6.4