Delay [ps] Temperature [K] Temperature error [K]
-3.878 299.7  4.3
-3.378 296.4  3.9
-2.878 297.3  4.5
-2.378 293.8  4.6
-1.878 301.8  4.5
-1.778 283.8  4.7
-1.416 288.2  4.5
-1.119 301.2  4.8
-0.876 295.7  4.6
-0.677 300.7  4.6
-0.514 287.1  4.5
-0.381 295.5  4.6
-0.272 292.3  4.4
-0.182 303.4  4.3
-0.109 303.7  4.6
-0.049 317.7  4.5
0.000 321.0  4.8
0.040 341.2  4.1
0.073 350.8  4.4
0.100 340.1  4.4
0.122 364.8  4.6
0.139 370.3  4.5
0.159 380.6  4.3
0.183 381.8  4.9
0.211 400.8  4.6
0.243 413.4  4.9
0.251 402.0  4.8
0.258 405.6  4.8
0.266 417.6  4.6
0.273 432.2  4.5
0.281 420.7  4.9
0.326 451.0  4.8
0.379 455.2  5.1
0.440 476.5  5.0
0.513 496.3  5.0
0.598 522.8  5.5
0.697 554.3  5.5
0.814 552.5  6.0
0.952 552.0  5.4
1.113 569.5  5.6
1.302 594.0  6.6
1.524 594.5  6.1
1.784 581.0  6.7
2.090 592.0  7.2
2.448 607.5  7.3
2.869 601.4  7.6
3.363 612.6  7.3
3.942 597.1  6.9
4.622 589.8  6.9
5.122 596.7  6.3
5.622 579.9  6.0
6.122 577.0  6.4
7.122 570.5  6.0
8.122 570.7  6.9
9.122 576.9  7.8
10.122 583.8  7.1