# time of execution: 2022-07-31 12:42:32
#model:m3tm
### simulation parameters ###
# timestep dt=1e-16[s]
# initial temperature:300.0[K]
# initial magnetization [x,y,z]:[0.0, 0.0, 0.96925]
### sample paramters ###
# Sample: Nickel
# S=0.5
# mu_at=0.616[mu_B]
# nx=1	ny=1	nz=1
# dx=3.524e-10	dy=3.524e-10	dz=3.524e-10	[m]
# atoms per unit cell:4
# asf=0.063
# gep, cv_el, cv_ph: DFT-interpolation
# Tc=633[K]
# T_Deb=360[K]
### pulse paramters ###
# peak power:6e+21[W/m^3]
# sigma=3.4e-14[s]
# delay=1e-12[s]
#############################
# time [ps]	magnetization	T_e [K]	T_p [K]	E_tot [J/m^3]	E_el [J/m^3]	E_ph [J/m^3]	E_spin [J/m^3]
0.0	1.0	300.0	300.0	0	0	0	0
0.01	0.9999659245793985	300.0	300.0	5.255174257356751e-178	5.255174257356751e-178	0.0	0.0
0.02	0.9999322979595264	300.0	300.0	2.665472567396371e-174	2.665472567396371e-174	0.0	0.0
0.03	0.9998991141945793	300.0	300.0	1.2398208244319053e-170	1.2398208244319053e-170	0.0	0.0
0.04	0.9998663674184326	300.0	300.0	5.289573850598744e-167	5.289573850598744e-167	0.0	0.0
0.05	0.9998340518435463	300.0	300.0	2.0699528828592843e-163	2.0699528828592843e-163	0.0	0.0
0.06	0.9998021617598922	300.0	300.0	7.429836110833886e-160	7.429836110833886e-160	0.0	0.0
0.07	0.9997706915338902	300.0	300.0	2.446121477182429e-156	2.446121477182429e-156	0.0	0.0
0.08	0.9997396356073668	300.0	300.0	7.386825948847888e-153	7.386825948847888e-153	0.0	0.0
0.09	0.99970898849652	300.0	300.0	2.046066996092388e-149	2.046066996092388e-149	0.0	0.0
0.1	0.9996787447909085	300.0	300.0	5.19834486776312e-146	5.19834486776312e-146	0.0	0.0
0.11	0.999648899152445	300.0	300.0	1.2114199802083743e-142	1.2114199802083743e-142	0.0	0.0
0.12	0.9996194463144141	300.0	300.0	2.589464574032906e-139	2.589464574032906e-139	0.0	0.0
0.13	0.9995903810804951	300.0	300.0	5.0770570571487206e-136	5.0770570571487206e-136	0.0	0.0
0.14	0.9995616983238037	300.0	300.0	9.130660953584046e-133	9.130660953584046e-133	0.0	0.0
0.15	0.9995333929859472	300.0	300.0	1.506197105837836e-129	1.506197105837836e-129	0.0	0.0
0.16	0.9995054600760903	300.0	300.0	2.279041243831529e-126	2.279041243831529e-126	0.0	0.0
0.17	0.9994778946700361	300.0	300.0	3.163113360211438e-123	3.163113360211438e-123	0.0	0.0
0.18	0.9994506919093211	300.0	300.0	4.0269013192318785e-120	4.0269013192318785e-120	0.0	0.0
0.19	0.9994238470003177	300.0	300.0	4.7024305774785924e-117	4.7024305774785924e-117	0.0	0.0
0.2	0.9993973552133582	300.0	300.0	5.036983693827407e-114	5.036983693827407e-114	0.0	0.0
0.21	0.9993712118818625	300.0	300.0	4.9489956719630956e-111	4.9489956719630956e-111	0.0	0.0
0.22	0.9993454124014817	300.0	300.0	4.460295905009258e-108	4.460295905009258e-108	0.0	0.0
0.22999999999999998	0.9993199522292545	300.0	300.0	3.687330740084496e-105	3.687330740084496e-105	0.0	0.0
0.24	0.9992948268827747	300.0	300.0	2.7961738190011627e-102	2.7961738190011627e-102	0.0	0.0
0.25	0.9992700319393694	300.0	300.0	1.945009738462547e-99	1.945009738462547e-99	0.0	0.0
0.26	0.9992455630352903	300.0	300.0	1.241043229845591e-96	1.241043229845591e-96	0.0	0.0
0.27	0.9992214158649153	300.0	300.0	7.263761958444651e-94	7.263761958444651e-94	0.0	0.0
0.28	0.9991975861799597	300.0	300.0	3.8998508178079873e-91	3.8998508178079873e-91	0.0	0.0
0.29	0.9991740697887029	300.0	300.0	1.9206503192256708e-88	1.9206503192256708e-88	0.0	0.0
0.3	0.9991508625552187	300.0	300.0	8.676905010478651e-86	8.676905010478651e-86	0.0	0.0
0.31	0.9991279603986288	300.0	300.0	3.5958372482761594e-83	3.5958372482761594e-83	0.0	0.0
0.32	0.9991053592923498	300.0	300.0	1.3669617722671385e-80	1.3669617722671385e-80	0.0	0.0
0.33	0.9990830552633655	300.0	300.0	4.766904991055595e-78	4.766904991055595e-78	0.0	0.0
0.34	0.9990610443915	300.0	300.0	1.5249062620967334e-75	1.5249062620967334e-75	0.0	0.0
0.35	0.9990393228087076	300.0	300.0	4.4748572835040337e-73	4.4748572835040337e-73	0.0	0.0
0.36	0.9990178866983636	300.0	300.0	1.2046131890229147e-70	1.2046131890229147e-70	0.0	0.0
0.37	0.9989967322945779	300.0	300.0	2.9747574141187483e-68	2.9747574141187483e-68	0.0	0.0
0.38	0.998975855881506	300.0	300.0	6.738981966927424e-66	6.738981966927424e-66	0.0	0.0
0.39	0.9989552537926737	300.0	300.0	1.4004875939916153e-63	1.4004875939916153e-63	0.0	0.0
0.4	0.9989349224103151	300.0	300.0	2.6699926986191332e-61	2.6699926986191332e-61	0.0	0.0
0.41	0.9989148581647156	300.0	300.0	4.669716306473089e-59	4.669716306473089e-59	0.0	0.0
0.42	0.9988950575335616	300.0	300.0	7.49246124593433e-57	7.49246124593433e-57	0.0	0.0
0.43	0.9988755170413071	300.0	300.0	1.1028495451944498e-54	1.1028495451944498e-54	0.0	0.0
0.44	0.9988562332585419	300.0	300.0	1.4892587917357149e-52	1.4892587917357149e-52	0.0	0.0
0.45	0.9988372028013703	300.0	300.0	1.8449764805615782e-50	1.8449764805615782e-50	0.0	0.0
0.45999999999999996	0.9988184223308012	300.0	300.0	2.0969260572067162e-48	2.0969260572067162e-48	0.0	0.0
0.47000000000000003	0.9987998885521442	300.0	300.0	2.186513418723628e-46	2.186513418723628e-46	0.0	0.0
0.48	0.9987815982144099	300.0	300.0	2.0917189814311887e-44	2.0917189814311887e-44	0.0	0.0
0.49000000000000005	0.9987635481097304	300.0	300.0	1.8358720271878518e-42	1.8358720271878518e-42	0.0	0.0
0.5	0.9987457350727751	300.0	300.0	1.47834362728241e-40	1.47834362728241e-40	0.0	0.0
0.5099999999999999	0.9987281559801799	300.0	300.0	1.0922164239224288e-38	1.0922164239224288e-38	0.0	0.0
0.52	0.9987108077499843	300.0	300.0	7.403705116913768e-37	7.403705116913768e-37	0.0	0.0
0.5299999999999999	0.9986936873410792	300.0	300.0	4.6047262445462555e-35	4.6047262445462555e-35	0.0	0.0
0.54	0.9986767917526542	300.0	300.0	2.627728255463113e-33	2.627728255463113e-33	0.0	0.0
0.5499999999999999	0.9986601180236595	300.0	300.0	1.375900851141108e-31	1.375900851141108e-31	0.0	0.0
0.56	0.9986436632322748	300.0	300.0	6.610472871499043e-30	6.610472871499043e-30	0.0	0.0
0.57	0.9986274244953788	300.0	300.0	2.9142434643339085e-28	2.9142434643339085e-28	0.0	0.0
0.58	0.998611398968037	300.0	300.0	1.1788997835768334e-26	1.1788997835768334e-26	0.0	0.0
0.59	0.9985955838429846	300.0	300.0	4.376190426745732e-25	4.376190426745732e-25	0.0	0.0
0.6	0.9985799763501253	300.0	300.0	1.4907164927513368e-23	1.4907164927513368e-23	0.0	0.0
0.61	0.9985645737560351	300.0	300.0	4.6599953751904555e-22	4.6599953751904555e-22	0.0	0.0
0.62	0.9985493733634652	300.0	300.0	1.3368431404359516e-20	1.3368431404359516e-20	0.0	0.0
0.6299999999999999	0.9985343725108675	300.0	300.0	3.5196046605942327e-19	3.5196046605942327e-19	0.0	0.0
0.64	0.9985195685719099	300.0	300.0	8.504343367985814e-18	8.504343367985814e-18	0.0	0.0
0.6499999999999999	0.9985049589550089	300.0	300.0	1.8859811692237555e-16	1.8859811692237555e-16	0.0	0.0
0.66	0.9984905411028636	300.0	300.0	3.8388495042122164e-15	3.8388495042122164e-15	0.0	0.0
0.6699999999999999	0.998476312491999	300.0	300.0	7.172176263119588e-14	7.172176263119588e-14	0.0	0.0
0.68	0.9984622706323119	300.0	300.0	1.2300068776160521e-12	1.2300068776160521e-12	0.0	0.0
0.69	0.9984484130666282	300.0	300.0	1.936391803214458e-11	1.936391803214458e-11	0.0	0.0
0.7	0.9984347373702609	300.0	300.0	2.7985460286914005e-10	2.7985460286914005e-10	0.0	0.0
0.71	0.998421241150578	300.0	300.0	3.7132302022728145e-09	3.7132302022728145e-09	0.0	0.0
0.72	0.9984079220465744	300.0	300.0	4.523563816696342e-08	4.523563816696342e-08	0.0	0.0
0.73	0.9983947777284465	300.0000000000025	300.0	5.060006760527866e-07	4.973465901236906e-07	8.654085929095924e-09	0.0
0.74	0.9983818058971847	300.00000000003234	300.0	5.1975461636625835e-06	4.994577659953436e-06	2.0296850370914662e-07	0.0
0.7499999999999999	0.9983690042841498	300.00000000030934	300.0	4.9029960869398954e-05	4.685783104160759e-05	2.172129827791361e-06	0.0
0.76	0.998356370650678	300.0000000026792	300.00000000000483	0.00042479943881881414	0.0004050524064949374	1.9747032323876776e-05	0.0
0.7699999999999999	0.9983439027876295	300.00000002128587	300.0000000000458	0.0033807542518162112	0.0032173496034743594	0.00016340464834185337	0.0
0.78	0.9983315985147433	300.00000015531305	300.0000000003537	0.024717479088523724	0.02347467423358053	0.0012428048549431884	0.0
0.7899999999999999	0.998319455678542	300.00000104102645	300.000000002479	0.1660411240399058	0.15734440014065862	0.008696723899247293	0.0
0.8	0.9983074721417846	300.0000064109276	300.0000000159688	1.0249802270983033	0.9689697598655527	0.05601046723275036	0.0
0.8099999999999999	0.9982956457278427	300.0000362787647	300.00000009468584	5.815401152450424	5.4832979327223565	0.33210321972806295	0.0
0.82	0.9982839739462298	300.0001886820894	300.0000005170398	30.331532303530118	28.518071408263985	1.8134608952661417	0.0
0.83	0.9982724527530616	300.0009020671065	300.00000260104736	145.46465072761976	136.3417723467242	9.12287838089566	0.0
0.84	0.9982610714510408	300.00396525153155	300.00001205972626	641.6245947226015	599.3264827369071	42.29811198569478	0.0
0.85	0.9982497936119618	300.0160298547124	300.00005155733203	2603.715892302617	2422.88444434677	180.83144795584772	0.0
0.86	0.9982384923142776	300.0596103348948	300.00020334234415	9723.97588994926	9010.775839782953	713.200050166316	0.0
0.87	0.9982267510190461	300.2039546385815	300.00074026502966	33435.25923905508	30838.863845553322	2596.3953935017594	0.0
0.88	0.9982133100819027	300.6420581295384	300.00248888522594	105895.76919612336	97166.28355424391	8729.48564187948	0.0
0.8899999999999999	0.9981946769395263	301.8588468171696	300.0077316080151	309104.2527076766	281986.46981137624	27117.7828963007	0.0
0.9	0.9981619627250247	304.94259802719773	300.0221947021858	832084.6318639226	754238.8228742526	77845.80898967035	0.0
0.9099999999999999	0.9980942719322616	312.032468535677	300.05885660110266	2067332.2914388664	1860896.473697538	206435.81774132958	0.0
0.9199999999999999	0.9979457457202182	326.70650074494375	300.1440312635117	4744887.510619441	4239696.239573012	505191.27104643366	0.0
0.93	0.9976216591359183	353.69772054397026	300.32477291001067	10071881.79882829	8932686.02580016	1139195.7730281444	0.0
0.9400000000000001	0.9969403284370751	397.5058394163787	300.67398518089595	19797660.098920856	17433338.365126155	2364321.7337947167	0.0
0.95	0.995589986427414	460.42426024659215	301.28896714998206	36091371.51415122	31569019.55952604	4522351.954625194	0.0
0.96	0.993112654046041	541.6642111729104	302.28227330863973	61136955.92523195	53127608.09677711	8009347.828454831	0.0
0.9699999999999999	0.9889502572175937	637.7992385632315	303.76630535529523	96461351.37473306	83239119.30384523	13222232.070887856	0.0
0.9800000000000001	0.9825561713052351	743.5170305949416	305.8327616475966	142177923.4472698	121690754.6204989	20487168.826771013	0.0
0.99	0.9735350191968807	852.0845590257574	308.53132043337865	196472676.1945487	166487664.3894454	29985011.80510338	0.0
1.0	0.9617487002113941	955.9456442919158	311.857432944384	255649217.47000048	213941368.54734445	41707848.922656216	0.0
1.01	0.9473351888607348	1047.7776897674817	315.75733633949034	314839887.12188935	259364675.5788166	55475211.54307301	0.0
1.0199999999999998	0.9307041554991089	1121.845248242112	320.1300228812393	369173172.5449526	298234091.9375853	70939080.60736772	0.0
1.03	0.9124360283769944	1174.9637510594014	324.8486774804536	414944172.5083534	327286376.2505999	87657796.25775379	0.0
1.04	0.893170781364872	1206.810581239947	329.7808701297845	450330271.0400859	345163750.11767477	105166520.92241108	0.0
1.05	0.8735134741482676	1219.5383043208958	334.80446497675547	475437025.2143433	352403674.46937567	123033350.74496773	0.0
1.0599999999999998	0.8539699012505197	1216.8821937106486	339.81802875655643	491785356.1064572	350888391.64867306	140896964.45778418	0.0
1.0699999999999998	0.8349172752326541	1203.1137242896757	344.7453659294733	501555306.2309388	343071644.11782044	158483662.11311886	0.0
1.08	0.8166050056200784	1182.175717948111	349.534994586529	506914204.70496166	331307735.57490885	175606469.1300534	0.0
1.09	0.7991754692872456	1157.1843929156566	354.15612047047534	509612520.74770135	317460806.9044717	192151713.84323058	0.0
1.0999999999999999	0.782692901139447	1130.2944221980677	358.59320380513435	510860276.2724483	302800157.52776587	208060118.74468312	0.0
1.1099999999999999	0.7671710409531047	1102.8254249391862	362.84069047500094	511390743.6848909	288082404.425204	223308339.25968742	0.0
1.12	0.7525947972014815	1075.5015066603382	366.8988357717756	511598835.5156514	273704674.5950531	237894160.92059886	0.0
1.1300000000000001	0.73893438358518	1048.6753498748274	370.7709663701358	511674755.5009636	259848062.53916073	251826692.96180388	0.0
1.14	0.7261535572920395	1022.5042257324413	374.4618568879743	511701382.9544086	246580835.06220365	265120547.892206	0.0
1.15	0.7142139037817332	997.0488007579431	377.9768701336651	511711102.88893694	233918306.14826256	277792796.74067575	0.0
1.16	0.7030767248988802	972.3271247158498	381.32159753303387	511715508.4101998	221853872.04626796	289861636.363933	0.0
1.1700000000000002	0.6927039330991256	948.3506878692348	384.5017169875719	511718281.01779497	210372531.95879936	301345749.0589965	0.0
1.18	0.6830583594239437	925.1069406154696	387.5229134921271	511720624.2495982	199456535.90886632	312264088.34073323	0.0
1.19	0.6741039619080086	902.5991559884977	390.39084087165804	511722725.81670856	189086988.81737378	322635736.99933577	0.0
1.2	0.6658036116482182	880.8123121743336	393.1118951242844	511724691.59987414	179242147.8298785	332482543.7699969	0.0
1.21	0.6581228613329875	859.7312090984897	395.6919917087967	511726568.61252004	169901706.970266	341824861.6422552	0.0
1.22	0.6510303089832786	839.3581530075814	398.1364300205145	511728319.1175374	161047450.6996906	350680868.41784793	0.0
1.23	0.6444955822243511	819.6793515103213	400.4504704914398	511730027.0879404	152661225.55602536	359068801.5319163	0.0
1.24	0.6384896057334283	800.686517215471	402.63930452767283	511731604.54802525	144724920.87273696	367006683.67528975	0.0
1.25	0.6329843568109974	782.3755118814696	404.70806154338396	511733123.58875453	137220644.38552272	374512479.20323306	0.0
1.2599999999999998	0.6279530215451423	764.730456040233	406.6618021170806	511734521.70041394	130130616.02966404	381603905.6707508	0.0
1.27	0.6233699048894726	747.7457999627267	408.5054851629137	511735861.3111641	123437407.65948923	388298453.65167606	0.0
1.28	0.6192103649295095	731.4131839582126	410.2439917051917	511737118.9196812	117123738.4348583	394613380.48482394	0.0
1.29	0.6154509187947286	715.7175225738357	411.8820922533448	511738226.6780597	111172649.74665059	400565576.9314099	0.0
1.2999999999999998	0.6120690616153128	700.6478166212567	413.4244537377127	511739340.1758749	105567686.35263598	406171653.8232396	0.0
1.31	0.6090434147499199	686.1942227102229	414.8756077729728	511740367.89873046	100292609.27566677	411447758.6230644	0.0
1.32	0.606353572111608	672.3397412391295	416.2399768307423	511741316.412405	95331654.44330521	416409661.96910065	0.0
1.33	0.6039801406198017	659.0775763393863	417.5218350298119	511742168.9990833	90669503.14142579	421072665.85765874	0.0
1.3399999999999999	0.6019045222842402	646.3939855006829	418.7253629496845	511742997.2675413	86291233.6261671	425451763.64137566	0.0
1.3499999999999999	0.6001091452097218	634.273019310925	419.85457937178523	511743720.6015082	82182346.92666438	429561373.67484516	0.0
1.36	0.5985772670188747	622.7026220272865	420.91337538757796	511744417.55718076	78328945.11124489	433415472.4459371	0.0
1.37	0.5972930498662322	611.6665955750449	421.9054811728631	511745042.8531488	74717550.36576094	437027492.487389	0.0
1.38	0.5962413827039362	601.1553813263015	422.8345089535198	511745609.4422635	71335153.40634304	440410456.03592145	0.0
1.39	0.5954079099811573	591.1513422222662	423.7039358974932	511746152.8215581	68169242.17896247	443576910.6425967	0.0
1.4	0.5947791165382198	581.6403774387121	424.5170780931719	511746592.50561583	65207764.85510921	446538827.65050787	0.0
1.4100000000000001	0.5943420830747341	572.6061035464006	425.2771386237343	511747044.4535669	62439266.29929279	449307778.1542759	0.0
1.42	0.5940846553586315	564.0369752570751	425.9871591581514	511747447.2409841	59852680.342810765	451894766.89817536	0.0
1.43	0.5939952810775943	555.9169083272463	426.65006295542935	511747793.9542165	57437416.01472292	454310377.9394952	0.0
1.44	0.5940630274624041	548.2271821233949	427.26863865046937	511748121.5693729	55183407.38851451	456564714.1808599	0.0
1.45	0.5942776060754131	540.9539311994831	427.845529365326	511748419.3843747	53081062.81682866	458667356.5675477	0.0
1.46	0.5946292796594342	534.0828891006614	428.3832576774903	511748667.3205782	51121213.24234182	460627454.07823837	0.0
1.47	0.5951087869669264	527.5991143676422	428.8842386341995	511748906.9835539	49295136.722248465	462453770.2613068	0.0
1.48	0.5957074531959938	521.4844659330499	429.35074978473034	511749107.5444324	47594537.20823963	464154570.33619416	0.0
1.49	0.5964170407246949	515.7277998011782	429.78496049296183	511749285.0627853	46011553.2375782	465737731.82520854	0.0
1.4999999999999998	0.5972297696159233	510.31214166644736	430.1889349788921	511749449.86122906	44538694.28523306	467210755.5759978	0.0
1.51	0.5981383548810352	505.21851608275375	430.56460910986436	511749601.4114563	43168923.166926965	468580678.24453145	0.0
1.52	0.599135967540994	500.4341011413818	430.9138101006051	511749728.7685971	41895585.14501648	469854143.6235827	0.0
1.53	0.6002161296788623	495.9451890009041	431.23827117864744	511749841.0377185	40712385.34849443	471037455.6892263	0.0
1.5399999999999998	0.6013727487050492	491.7369527569467	431.53962954185914	511749940.2475581	39613369.47581799	472136570.7717424	0.0
1.55	0.6026000886172259	487.79697977502406	431.8194293589575	511750019.1426995	38592910.984628506	473157108.15807337	0.0
1.56	0.60389273542033	484.1100990137728	432.0791313632977	511750103.6011886	37645718.81760795	474104384.78358287	0.0
1.57	0.6052456825147368	480.6586916505624	432.32008793967185	511750175.22909284	36766851.13789894	474983324.09119624	0.0
1.5799999999999998	0.6066542184231847	477.43445609838153	432.54357376677154	511750229.3846542	35951661.82385721	475798567.5607994	0.0
1.5899999999999999	0.6081138709014272	474.4252014713426	432.75080032960125	511750278.14628315	35195750.69761327	476554527.44867253	0.0
1.6	0.6096204471040166	471.6180102161608	432.94289968749064	511750321.6597568	34494994.261029445	477255327.39872986	0.0
1.61	0.6111700335972422	468.99971114307976	433.12092854363544	511750363.8959696	33845546.76898408	477904817.12698805	0.0
1.6199999999999999	0.6127589993986473	466.5585846221129	433.28587106705487	511750399.4313539	33243816.85577233	478506582.5755842	0.0
1.63	0.6143839314109352	464.2855662398224	433.4386503856849	511750425.9370726	32686438.215775594	479063987.72129935	0.0
1.64	0.6160416023062549	462.1708808116369	433.5801351877228	511750448.87773615	32170250.32094083	479580198.55679816	0.0
1.6500000000000001	0.6177289995646508	460.2035953900732	433.71113558812914	511750473.2797623	31692305.360447835	480058167.9193173	0.0
1.66	0.6194433335478131	458.37337273616083	433.8324012678205	511750494.66628295	31249866.046181075	480500628.62010473	0.0
1.67	0.6211819986629198	456.6716315472368	433.94463019608526	511750512.5269966	30840387.41601715	480910125.11098266	0.0
1.68	0.6229425524991428	455.0908691991525	434.0484753345493	511750525.97773725	30461488.03693012	481289037.9408101	0.0
1.69	0.6247226991648784	453.62339850359473	434.1445480831753	511750537.5692368	30110941.0938793	481639596.47536	0.0
1.7	0.6265202901339623	452.26161577576164	434.23341747887434	511750547.550949	29786671.791789833	481963875.7591617	0.0
1.71	0.6283333246158723	450.9983139017356	434.31561280732046	511750556.3752788	29486750.370137695	482263806.0051435	0.0
1.72	0.6301599370828118	449.82669637347084	434.3916256463897	511750564.004787	29209383.98643324	482541180.018356	0.0
1.73	0.6319983872464382	448.7404558028963	434.46191259061	511750570.5627359	28952907.453474857	482797663.10926306	0.0
1.74	0.63384705142843	447.73367197162	434.5268977003371	511750576.1962619	28715774.18962084	483034802.0066432	0.0
1.75	0.6357044140834456	446.8007918043476	434.58697462805884	511750581.0657272	28496548.469945483	483254032.59578365	0.0
1.76	0.637569061468134	445.9365853369065	434.64250860822057	511750585.3204572	28293898.158826884	483456687.16163236	0.0
