# time of execution: 2021-01-20 12:23:30
### simulation parameters ###
# timestep dt=1e-16[s]
# initial temperature:295.0[K]
# initial magnetization [x,y,z]:[0.0, 0.0, 0.99793]
### sample paramters ###
# Sample: Cobalt
# S=1.5
# mu_at=1.8[mu_B]
# nx=1	ny=1	nz=1
# dx=2.5071e-10	dy=2.5071e-10	dz=4.0695e-10	[m]
# atoms per unit cell:2
# asf=0.06
# gep, cv_el, cv_ph: DFT-interpolation
# Tc=1423[K]
# T_Deb=460[K]
### pulse paramters ###
# peak power:6e+21[W/m^3]
# sigma=2.4e-14[s]
# delay=1e-11[s]
#############################
# time [ps]	magnetization	T_e [K]	T_p [K]	E_tot [J/m^3]	E_el [J/m^3]	E_ph [J/m^3]	E_spin [J/m^3]
0.0	1.0	295.0	295.0	0	0	0	0
0.01	0.9999999778957731	295.0	295.0	0.0	0.0	0.0	0.0
0.02	0.9999999559633777	295.0	295.0	0.0	0.0	0.0	0.0
0.03	0.9999999342014805	295.0	295.0	0.0	0.0	0.0	0.0
0.04	0.9999999126087545	295.0	295.0	0.0	0.0	0.0	0.0
0.05	0.9999998911838845	295.0	295.0	0.0	0.0	0.0	0.0
0.06	0.9999998699255653	295.0	295.0	0.0	0.0	0.0	0.0
0.07	0.9999998488325039	295.0	295.0	0.0	0.0	0.0	0.0
0.08	0.9999998279034138	295.0	295.0	0.0	0.0	0.0	0.0
0.09	0.9999998071370193	295.0	295.0	0.0	0.0	0.0	0.0
0.1	0.9999997865320595	295.0	295.0	0.0	0.0	0.0	0.0
0.11	0.9999997660872761	295.0	295.0	0.0	0.0	0.0	0.0
0.12	0.999999745801426	295.0	295.0	0.0	0.0	0.0	0.0
0.13	0.9999997256732722	295.0	295.0	0.0	0.0	0.0	0.0
0.14	0.9999997057015892	295.0	295.0	0.0	0.0	0.0	0.0
0.15	0.9999996858851601	295.0	295.0	0.0	0.0	0.0	0.0
0.16	0.9999996662227775	295.0	295.0	0.0	0.0	0.0	0.0
0.17	0.9999996467132461	295.0	295.0	0.0	0.0	0.0	0.0
0.18	0.9999996273553774	295.0	295.0	0.0	0.0	0.0	0.0
0.19	0.9999996081479908	295.0	295.0	0.0	0.0	0.0	0.0
0.2	0.9999995890899177	295.0	295.0	0.0	0.0	0.0	0.0
0.21	0.999999570179996	295.0	295.0	0.0	0.0	0.0	0.0
0.22	0.9999995514170753	295.0	295.0	0.0	0.0	0.0	0.0
0.22999999999999998	0.9999995328000126	295.0	295.0	0.0	0.0	0.0	0.0
0.24	0.9999995143276726	295.0	295.0	0.0	0.0	0.0	0.0
0.25	0.9999994959989329	295.0	295.0	0.0	0.0	0.0	0.0
0.26	0.999999477812676	295.0	295.0	0.0	0.0	0.0	0.0
0.27	0.9999994597677928	295.0	295.0	0.0	0.0	0.0	0.0
0.28	0.9999994418631863	295.0	295.0	0.0	0.0	0.0	0.0
0.29	0.9999994240977645	295.0	295.0	0.0	0.0	0.0	0.0
0.3	0.9999994064704478	295.0	295.0	0.0	0.0	0.0	0.0
0.31	0.9999993889801599	295.0	295.0	0.0	0.0	0.0	0.0
0.32	0.9999993716258356	295.0	295.0	0.0	0.0	0.0	0.0
0.33	0.9999993544064204	295.0	295.0	0.0	0.0	0.0	0.0
0.34	0.9999993373208633	295.0	295.0	0.0	0.0	0.0	0.0
0.35	0.9999993203681262	295.0	295.0	0.0	0.0	0.0	0.0
0.36	0.9999993035471754	295.0	295.0	0.0	0.0	0.0	0.0
0.37	0.9999992868569855	295.0	295.0	0.0	0.0	0.0	0.0
0.38	0.9999992702965389	295.0	295.0	0.0	0.0	0.0	0.0
0.39	0.9999992538648298	295.0	295.0	0.0	0.0	0.0	0.0
0.4	0.9999992375608575	295.0	295.0	0.0	0.0	0.0	0.0
0.41	0.9999992213836266	295.0	295.0	0.0	0.0	0.0	0.0
0.42	0.9999992053321534	295.0	295.0	0.0	0.0	0.0	0.0
0.43	0.9999991894054587	295.0	295.0	0.0	0.0	0.0	0.0
0.44	0.9999991736025738	295.0	295.0	0.0	0.0	0.0	0.0
0.45	0.9999991579225355	295.0	295.0	0.0	0.0	0.0	0.0
0.45999999999999996	0.9999991423643908	295.0	295.0	0.0	0.0	0.0	0.0
0.47000000000000003	0.9999991269271912	295.0	295.0	0.0	0.0	0.0	0.0
0.48	0.9999991116099961	295.0	295.0	0.0	0.0	0.0	0.0
0.49000000000000005	0.9999990964118719	295.0	295.0	0.0	0.0	0.0	0.0
0.5	0.9999990813318939	295.0	295.0	0.0	0.0	0.0	0.0
0.5099999999999999	0.9999990663691434	295.0	295.0	0.0	0.0	0.0	0.0
0.52	0.9999990515227077	295.0	295.0	0.0	0.0	0.0	0.0
0.5299999999999999	0.999999036791686	295.0	295.0	0.0	0.0	0.0	0.0
0.54	0.9999990221751787	295.0	295.0	0.0	0.0	0.0	0.0
0.5499999999999999	0.9999990076722963	295.0	295.0	0.0	0.0	0.0	0.0
0.56	0.9999989932821546	295.0	295.0	0.0	0.0	0.0	0.0
0.57	0.9999989790038784	295.0	295.0	0.0	0.0	0.0	0.0
0.58	0.9999989648365967	295.0	295.0	0.0	0.0	0.0	0.0
0.59	0.9999989507794476	295.0	295.0	0.0	0.0	0.0	0.0
0.6	0.9999989368315739	295.0	295.0	0.0	0.0	0.0	0.0
0.61	0.9999989229921287	295.0	295.0	0.0	0.0	0.0	0.0
0.62	0.9999989092602668	295.0	295.0	0.0	0.0	0.0	0.0
0.6299999999999999	0.9999988956351529	295.0	295.0	0.0	0.0	0.0	0.0
0.64	0.9999988821159567	295.0	295.0	0.0	0.0	0.0	0.0
0.6499999999999999	0.9999988687018561	295.0	295.0	0.0	0.0	0.0	0.0
0.66	0.9999988553920314	295.0	295.0	0.0	0.0	0.0	0.0
0.6699999999999999	0.9999988421856743	295.0	295.0	0.0	0.0	0.0	0.0
0.68	0.999998829081978	295.0	295.0	0.0	0.0	0.0	0.0
0.69	0.9999988160801473	295.0	295.0	0.0	0.0	0.0	0.0
0.7	0.9999988031793896	295.0	295.0	0.0	0.0	0.0	0.0
0.71	0.9999987903789174	295.0	295.0	0.0	0.0	0.0	0.0
0.72	0.9999987776779541	295.0	295.0	0.0	0.0	0.0	0.0
0.73	0.9999987650757233	295.0	295.0	0.0	0.0	0.0	0.0
0.74	0.9999987525714593	295.0	295.0	0.0	0.0	0.0	0.0
0.7499999999999999	0.9999987401643997	295.0	295.0	0.0	0.0	0.0	0.0
0.76	0.999998727853789	295.0	295.0	0.0	0.0	0.0	0.0
0.7699999999999999	0.9999987156388774	295.0	295.0	0.0	0.0	0.0	0.0
0.78	0.9999987035189206	295.0	295.0	0.0	0.0	0.0	0.0
0.7899999999999999	0.9999986914931812	295.0	295.0	0.0	0.0	0.0	0.0
0.8	0.9999986795609264	295.0	295.0	0.0	0.0	0.0	0.0
0.8099999999999999	0.9999986677214302	295.0	295.0	0.0	0.0	0.0	0.0
0.82	0.9999986559739709	295.0	295.0	0.0	0.0	0.0	0.0
0.83	0.9999986443178314	295.0	295.0	0.0	0.0	0.0	0.0
0.84	0.9999986327523044	295.0	295.0	0.0	0.0	0.0	0.0
0.85	0.9999986212766847	295.0	295.0	0.0	0.0	0.0	0.0
0.86	0.999998609890274	295.0	295.0	0.0	0.0	0.0	0.0
0.87	0.9999985985923768	295.0	295.0	0.0	0.0	0.0	0.0
0.88	0.9999985873823065	295.0	295.0	0.0	0.0	0.0	0.0
0.8899999999999999	0.9999985762593796	295.0	295.0	0.0	0.0	0.0	0.0
0.9	0.9999985652229193	295.0	295.0	0.0	0.0	0.0	0.0
0.9099999999999999	0.9999985542722533	295.0	295.0	0.0	0.0	0.0	0.0
0.9199999999999999	0.9999985434067163	295.0	295.0	0.0	0.0	0.0	0.0
0.93	0.9999985326256431	295.0	295.0	0.0	0.0	0.0	0.0
0.9400000000000001	0.9999985219283795	295.0	295.0	0.0	0.0	0.0	0.0
0.95	0.999998511314273	295.0	295.0	0.0	0.0	0.0	0.0
0.96	0.9999985007826789	295.0	295.0	0.0	0.0	0.0	0.0
0.9699999999999999	0.999998490332953	295.0	295.0	0.0	0.0	0.0	0.0
0.9800000000000001	0.9999984799644603	295.0	295.0	0.0	0.0	0.0	0.0
0.99	0.9999984696765699	295.0	295.0	0.0	0.0	0.0	0.0
1.0	0.999998459468654	295.0	295.0	0.0	0.0	0.0	0.0
1.01	0.9999984493400913	295.0	295.0	0.0	0.0	0.0	0.0
1.0199999999999998	0.9999984392902651	295.0	295.0	0.0	0.0	0.0	0.0
1.03	0.9999984293185624	295.0	295.0	0.0	0.0	0.0	0.0
1.04	0.9999984194243782	295.0	295.0	0.0	0.0	0.0	0.0
1.05	0.9999984096071085	295.0	295.0	0.0	0.0	0.0	0.0
1.0599999999999998	0.9999983998661545	295.0	295.0	0.0	0.0	0.0	0.0
1.0699999999999998	0.9999983902009256	295.0	295.0	0.0	0.0	0.0	0.0
1.08	0.9999983806108299	295.0	295.0	0.0	0.0	0.0	0.0
1.09	0.9999983710952848	295.0	295.0	0.0	0.0	0.0	0.0
1.0999999999999999	0.999998361653711	295.0	295.0	0.0	0.0	0.0	0.0
1.1099999999999999	0.9999983522855329	295.0	295.0	0.0	0.0	0.0	0.0
1.12	0.9999983429901811	295.0	295.0	0.0	0.0	0.0	0.0
1.1300000000000001	0.9999983337670885	295.0	295.0	0.0	0.0	0.0	0.0
1.14	0.9999983246156942	295.0	295.0	0.0	0.0	0.0	0.0
1.15	0.9999983155354393	295.0	295.0	0.0	0.0	0.0	0.0
1.16	0.9999983065257714	295.0	295.0	0.0	0.0	0.0	0.0
1.1700000000000002	0.9999982975861427	295.0	295.0	0.0	0.0	0.0	0.0
1.18	0.9999982887160076	295.0	295.0	0.0	0.0	0.0	0.0
1.19	0.9999982799148263	295.0	295.0	0.0	0.0	0.0	0.0
1.2	0.999998271182063	295.0	295.0	0.0	0.0	0.0	0.0
1.21	0.9999982625171856	295.0	295.0	0.0	0.0	0.0	0.0
1.22	0.9999982539196657	295.0	295.0	0.0	0.0	0.0	0.0
1.23	0.9999982453889823	295.0	295.0	0.0	0.0	0.0	0.0
1.24	0.9999982369246121	295.0	295.0	0.0	0.0	0.0	0.0
1.25	0.999998228526042	295.0	295.0	0.0	0.0	0.0	0.0
1.2599999999999998	0.99999822019276	295.0	295.0	0.0	0.0	0.0	0.0
1.27	0.9999982119242581	295.0	295.0	0.0	0.0	0.0	0.0
1.28	0.9999982037200332	295.0	295.0	0.0	0.0	0.0	0.0
1.29	0.9999981955795861	295.0	295.0	0.0	0.0	0.0	0.0
1.2999999999999998	0.9999981875024203	295.0	295.0	0.0	0.0	0.0	0.0
1.31	0.9999981794880431	295.0	295.0	0.0	0.0	0.0	0.0
1.32	0.9999981715359675	295.0	295.0	0.0	0.0	0.0	0.0
1.33	0.9999981636457093	295.0	295.0	0.0	0.0	0.0	0.0
1.3399999999999999	0.9999981558167876	295.0	295.0	0.0	0.0	0.0	0.0
1.3499999999999999	0.9999981480487256	295.0	295.0	0.0	0.0	0.0	0.0
1.36	0.9999981403410518	295.0	295.0	0.0	0.0	0.0	0.0
1.37	0.9999981326932937	295.0	295.0	0.0	0.0	0.0	0.0
1.38	0.999998125104987	295.0	295.0	0.0	0.0	0.0	0.0
1.39	0.9999981175756691	295.0	295.0	0.0	0.0	0.0	0.0
1.4	0.9999981101048826	295.0	295.0	0.0	0.0	0.0	0.0
1.4100000000000001	0.9999981026921724	295.0	295.0	0.0	0.0	0.0	0.0
1.42	0.9999980953370855	295.0	295.0	0.0	0.0	0.0	0.0
1.43	0.9999980880391751	295.0	295.0	0.0	0.0	0.0	0.0
1.44	0.9999980807979971	295.0	295.0	0.0	0.0	0.0	0.0
1.45	0.9999980736131087	295.0	295.0	0.0	0.0	0.0	0.0
1.46	0.9999980664840735	295.0	295.0	0.0	0.0	0.0	0.0
1.47	0.999998059410458	295.0	295.0	0.0	0.0	0.0	0.0
1.48	0.9999980523918309	295.0	295.0	0.0	0.0	0.0	0.0
1.49	0.9999980454277644	295.0	295.0	0.0	0.0	0.0	0.0
1.4999999999999998	0.9999980385178341	295.0	295.0	0.0	0.0	0.0	0.0
1.51	0.9999980316616205	295.0	295.0	0.0	0.0	0.0	0.0
1.52	0.999998024858704	295.0	295.0	0.0	0.0	0.0	0.0
1.53	0.9999980181086722	295.0	295.0	0.0	0.0	0.0	0.0
1.5399999999999998	0.9999980114111122	295.0	295.0	0.0	0.0	0.0	0.0
1.55	0.9999980047656177	295.0	295.0	0.0	0.0	0.0	0.0
1.56	0.9999979981717828	295.0	295.0	0.0	0.0	0.0	0.0
1.57	0.9999979916292077	295.0	295.0	0.0	0.0	0.0	0.0
1.5799999999999998	0.9999979851374918	295.0	295.0	0.0	0.0	0.0	0.0
1.5899999999999999	0.9999979786962402	295.0	295.0	0.0	0.0	0.0	0.0
1.6	0.9999979723050605	295.0	295.0	0.0	0.0	0.0	0.0
1.61	0.9999979659635646	295.0	295.0	0.0	0.0	0.0	0.0
1.6199999999999999	0.999997959671365	295.0	295.0	0.0	0.0	0.0	0.0
1.63	0.9999979534280797	295.0	295.0	0.0	0.0	0.0	0.0
1.64	0.999997947233328	295.0	295.0	0.0	0.0	0.0	0.0
1.6500000000000001	0.9999979410867332	295.0	295.0	0.0	0.0	0.0	0.0
1.66	0.9999979349879191	295.0	295.0	0.0	0.0	0.0	0.0
1.67	0.999997928936516	295.0	295.0	0.0	0.0	0.0	0.0
1.68	0.9999979229321544	295.0	295.0	0.0	0.0	0.0	0.0
1.69	0.9999979169744693	295.0	295.0	0.0	0.0	0.0	0.0
1.7	0.9999979110630972	295.0	295.0	0.0	0.0	0.0	0.0
1.71	0.9999979051976785	295.0	295.0	0.0	0.0	0.0	0.0
1.72	0.9999978993778555	295.0	295.0	0.0	0.0	0.0	0.0
1.73	0.9999978936032735	295.0	295.0	0.0	0.0	0.0	0.0
1.74	0.9999978878735821	295.0	295.0	0.0	0.0	0.0	0.0
1.75	0.9999978821884296	295.0	295.0	0.0	0.0	0.0	0.0
1.76	0.9999978765474741	295.0	295.0	0.0	0.0	0.0	0.0
1.77	0.9999978709503694	295.0	295.0	0.0	0.0	0.0	0.0
1.7799999999999998	0.9999978653967747	295.0	295.0	0.0	0.0	0.0	0.0
1.79	0.9999978598863523	295.0	295.0	0.0	0.0	0.0	0.0
1.8	0.999997854418766	295.0	295.0	0.0	0.0	0.0	0.0
1.81	0.9999978489936835	295.0	295.0	0.0	0.0	0.0	0.0
1.8199999999999998	0.9999978436107736	295.0	295.0	0.0	0.0	0.0	0.0
1.83	0.9999978382697087	295.0	295.0	0.0	0.0	0.0	0.0
1.8399999999999999	0.9999978329701631	295.0	295.0	0.0	0.0	0.0	0.0
1.85	0.9999978277118142	295.0	295.0	0.0	0.0	0.0	0.0
1.86	0.9999978224943429	295.0	295.0	0.0	0.0	0.0	0.0
1.8699999999999999	0.9999978173174308	295.0	295.0	0.0	0.0	0.0	0.0
1.8800000000000001	0.9999978121807628	295.0	295.0	0.0	0.0	0.0	0.0
1.89	0.999997807084025	295.0	295.0	0.0	0.0	0.0	0.0
1.9	0.9999978020269082	295.0	295.0	0.0	0.0	0.0	0.0
1.9100000000000001	0.9999977970091041	295.0	295.0	0.0	0.0	0.0	0.0
1.92	0.9999977920303071	295.0	295.0	0.0	0.0	0.0	0.0
1.9300000000000002	0.9999977870902133	295.0	295.0	0.0	0.0	0.0	0.0
1.9399999999999997	0.9999977821885223	295.0	295.0	0.0	0.0	0.0	0.0
1.95	0.9999977773249369	295.0	295.0	0.0	0.0	0.0	0.0
1.9600000000000002	0.9999977724991589	295.0	295.0	0.0	0.0	0.0	0.0
1.97	0.9999977677108943	295.0	295.0	0.0	0.0	0.0	0.0
1.98	0.9999977629598525	295.0	295.0	0.0	0.0	0.0	0.0
1.9899999999999998	0.9999977582457434	295.0	295.0	0.0	0.0	0.0	0.0
2.0	0.9999977535682809	295.0	295.0	0.0	0.0	0.0	0.0
2.0100000000000002	0.9999977489271793	295.0	295.0	0.0	0.0	0.0	0.0
2.02	0.9999977443221564	295.0	295.0	0.0	0.0	0.0	0.0
2.0300000000000002	0.9999977397529314	295.0	295.0	0.0	0.0	0.0	0.0
2.0399999999999996	0.9999977352192265	295.0	295.0	0.0	0.0	0.0	0.0
2.05	0.9999977307207646	295.0	295.0	0.0	0.0	0.0	0.0
2.06	0.9999977262572732	295.0	295.0	0.0	0.0	0.0	0.0
2.07	0.9999977218284801	295.0	295.0	0.0	0.0	0.0	0.0
2.08	0.9999977174341144	295.0	295.0	0.0	0.0	0.0	0.0
2.09	0.9999977130739085	295.0	295.0	0.0	0.0	0.0	0.0
2.1	0.999997708747598	295.0	295.0	0.0	0.0	0.0	0.0
2.11	0.9999977044549198	295.0	295.0	0.0	0.0	0.0	0.0
2.1199999999999997	0.9999977001956115	295.0	295.0	0.0	0.0	0.0	0.0
2.13	0.9999976959694126	295.0	295.0	0.0	0.0	0.0	0.0
2.1399999999999997	0.9999976917760677	295.0	295.0	0.0	0.0	0.0	0.0
2.15	0.9999976876153202	295.0	295.0	0.0	0.0	0.0	0.0
2.16	0.9999976834869173	295.0	295.0	0.0	0.0	0.0	0.0
2.17	0.9999976793906068	295.0	295.0	0.0	0.0	0.0	0.0
2.18	0.9999976753261403	295.0	295.0	0.0	0.0	0.0	0.0
2.19	0.9999976712932693	295.0	295.0	0.0	0.0	0.0	0.0
2.1999999999999997	0.9999976672917499	295.0	295.0	0.0	0.0	0.0	0.0
2.21	0.9999976633213356	295.0	295.0	0.0	0.0	0.0	0.0
2.2199999999999998	0.9999976593817864	295.0	295.0	0.0	0.0	0.0	0.0
2.23	0.9999976554728622	295.0	295.0	0.0	0.0	0.0	0.0
2.24	0.9999976515943251	295.0	295.0	0.0	0.0	0.0	0.0
2.25	0.9999976477459388	295.0	295.0	0.0	0.0	0.0	0.0
2.2600000000000002	0.9999976439274684	295.0	295.0	0.0	0.0	0.0	0.0
2.27	0.9999976401386815	295.0	295.0	0.0	0.0	0.0	0.0
2.28	0.9999976363793476	295.0	295.0	0.0	0.0	0.0	0.0
2.29	0.9999976326492379	295.0	295.0	0.0	0.0	0.0	0.0
2.3	0.9999976289481228	295.0	295.0	0.0	0.0	0.0	0.0
2.31	0.9999976252757808	295.0	295.0	0.0	0.0	0.0	0.0
2.32	0.9999976216319865	295.0	295.0	0.0	0.0	0.0	0.0
2.33	0.9999976180165183	295.0	295.0	0.0	0.0	0.0	0.0
2.3400000000000003	0.9999976144291557	295.0	295.0	0.0	0.0	0.0	0.0
2.35	0.9999976108696795	295.0	295.0	0.0	0.0	0.0	0.0
2.36	0.999997607337874	295.0	295.0	0.0	0.0	0.0	0.0
2.3699999999999997	0.9999976038335234	295.0	295.0	0.0	0.0	0.0	0.0
2.38	0.9999976003564144	295.0	295.0	0.0	0.0	0.0	0.0
2.39	0.9999975969063359	295.0	295.0	0.0	0.0	0.0	0.0
2.4	0.9999975934830784	295.0	295.0	0.0	0.0	0.0	0.0
2.41	0.9999975900864313	295.0	295.0	0.0	0.0	0.0	0.0
2.42	0.9999975867161885	295.0	295.0	0.0	0.0	0.0	0.0
2.43	0.999997583372145	295.0	295.0	0.0	0.0	0.0	0.0
2.44	0.9999975800540971	295.0	295.0	0.0	0.0	0.0	0.0
2.4499999999999997	0.9999975767618425	295.0	295.0	0.0	0.0	0.0	0.0
2.46	0.9999975734951811	295.0	295.0	0.0	0.0	0.0	0.0
2.4699999999999998	0.9999975702539136	295.0	295.0	0.0	0.0	0.0	0.0
2.48	0.9999975670378425	295.0	295.0	0.0	0.0	0.0	0.0
2.49	0.9999975638467722	295.0	295.0	0.0	0.0	0.0	0.0
2.5	0.9999975606805085	295.0	295.0	0.0	0.0	0.0	0.0
2.51	0.9999975575388584	295.0	295.0	0.0	0.0	0.0	0.0
2.5199999999999996	0.9999975544216305	295.0	295.0	0.0	0.0	0.0	0.0
2.53	0.9999975513286347	295.0	295.0	0.0	0.0	0.0	0.0
2.54	0.9999975482596832	295.0	295.0	0.0	0.0	0.0	0.0
2.55	0.9999975452145877	295.0	295.0	0.0	0.0	0.0	0.0
2.56	0.9999975421931648	295.0	295.0	0.0	0.0	0.0	0.0
2.57	0.9999975391952285	295.0	295.0	0.0	0.0	0.0	0.0
2.58	0.9999975362205978	295.0	295.0	0.0	0.0	0.0	0.0
2.59	0.999997533269092	295.0	295.0	0.0	0.0	0.0	0.0
2.5999999999999996	0.99999753034053	295.0	295.0	0.0	0.0	0.0	0.0
2.61	0.9999975274347331	295.0	295.0	0.0	0.0	0.0	0.0
2.62	0.9999975245515256	295.0	295.0	0.0	0.0	0.0	0.0
2.63	0.9999975216907319	295.0	295.0	0.0	0.0	0.0	0.0
2.64	0.9999975188521769	295.0	295.0	0.0	0.0	0.0	0.0
2.65	0.9999975160356872	295.0	295.0	0.0	0.0	0.0	0.0
2.66	0.9999975132410918	295.0	295.0	0.0	0.0	0.0	0.0
2.67	0.9999975104682205	295.0	295.0	0.0	0.0	0.0	0.0
2.6799999999999997	0.999997507716905	295.0	295.0	0.0	0.0	0.0	0.0
2.69	0.9999975049869779	295.0	295.0	0.0	0.0	0.0	0.0
2.6999999999999997	0.9999975022782724	295.0	295.0	0.0	0.0	0.0	0.0
2.71	0.9999974995906236	295.0	295.0	0.0	0.0	0.0	0.0
2.72	0.9999974969238664	295.0	295.0	0.0	0.0	0.0	0.0
2.73	0.9999974942778407	295.0	295.0	0.0	0.0	0.0	0.0
2.74	0.999997491652384	295.0	295.0	0.0	0.0	0.0	0.0
2.75	0.9999974890473378	295.0	295.0	0.0	0.0	0.0	0.0
2.76	0.9999974864625419	295.0	295.0	0.0	0.0	0.0	0.0
2.77	0.9999974838978352	295.0	295.0	0.0	0.0	0.0	0.0
2.78	0.9999974813530698	295.0	295.0	0.0	0.0	0.0	0.0
2.79	0.9999974788280872	295.0	295.0	0.0	0.0	0.0	0.0
2.8	0.9999974763227323	295.0	295.0	0.0	0.0	0.0	0.0
2.81	0.9999974738368533	295.0	295.0	0.0	0.0	0.0	0.0
2.8200000000000003	0.9999974713702995	295.0	295.0	0.0	0.0	0.0	0.0
2.83	0.9999974689229192	295.0	295.0	0.0	0.0	0.0	0.0
2.84	0.9999974664945634	295.0	295.0	0.0	0.0	0.0	0.0
2.8499999999999996	0.9999974640850858	295.0	295.0	0.0	0.0	0.0	0.0
2.86	0.9999974616943389	295.0	295.0	0.0	0.0	0.0	0.0
2.87	0.9999974593221772	295.0	295.0	0.0	0.0	0.0	0.0
2.88	0.999997456968456	295.0	295.0	0.0	0.0	0.0	0.0
2.89	0.9999974546330312	295.0	295.0	0.0	0.0	0.0	0.0
2.9	0.9999974523157619	295.0	295.0	0.0	0.0	0.0	0.0
2.9099999999999997	0.9999974500165063	295.0	295.0	0.0	0.0	0.0	0.0
2.92	0.999997447735125	295.0	295.0	0.0	0.0	0.0	0.0
2.9299999999999997	0.9999974454714776	295.0	295.0	0.0	0.0	0.0	0.0
2.94	0.9999974432254274	295.0	295.0	0.0	0.0	0.0	0.0
2.9499999999999997	0.999997440996837	295.0	295.0	0.0	0.0	0.0	0.0
2.96	0.999997438785571	295.0	295.0	0.0	0.0	0.0	0.0
2.97	0.9999974365914948	295.0	295.0	0.0	0.0	0.0	0.0
2.98	0.9999974344144746	295.0	295.0	0.0	0.0	0.0	0.0
2.9899999999999998	0.9999974322543782	295.0	295.0	0.0	0.0	0.0	0.0
2.9999999999999996	0.9999974301110722	295.0	295.0	0.0	0.0	0.0	0.0
3.01	0.999997427984429	295.0	295.0	0.0	0.0	0.0	0.0
3.02	0.9999974258743177	295.0	295.0	0.0	0.0	0.0	0.0
3.03	0.9999974237806103	295.0	295.0	0.0	0.0	0.0	0.0
3.04	0.9999974217031783	295.0	295.0	0.0	0.0	0.0	0.0
3.0500000000000003	0.9999974196418959	295.0	295.0	0.0	0.0	0.0	0.0
3.06	0.9999974175966362	295.0	295.0	0.0	0.0	0.0	0.0
3.07	0.9999974155672764	295.0	295.0	0.0	0.0	0.0	0.0
3.0799999999999996	0.999997413553692	295.0	295.0	0.0	0.0	0.0	0.0
3.09	0.9999974115557636	295.0	295.0	0.0	0.0	0.0	0.0
3.1	0.9999974095733634	295.0	295.0	0.0	0.0	0.0	0.0
3.11	0.9999974076063739	295.0	295.0	0.0	0.0	0.0	0.0
3.12	0.9999974056546751	295.0	295.0	0.0	0.0	0.0	0.0
3.13	0.9999974037181489	295.0	295.0	0.0	0.0	0.0	0.0
3.14	0.999997401796676	295.0	295.0	0.0	0.0	0.0	0.0
3.15	0.9999973998901404	295.0	295.0	0.0	0.0	0.0	0.0
3.1599999999999997	0.9999973979984254	295.0	295.0	0.0	0.0	0.0	0.0
3.17	0.9999973961214156	295.0	295.0	0.0	0.0	0.0	0.0
3.1799999999999997	0.9999973942589971	295.0	295.0	0.0	0.0	0.0	0.0
3.19	0.9999973924110552	295.0	295.0	0.0	0.0	0.0	0.0
3.2	0.9999973905774807	295.0	295.0	0.0	0.0	0.0	0.0
3.21	0.9999973887581595	295.0	295.0	0.0	0.0	0.0	0.0
3.22	0.99999738695298	295.0	295.0	0.0	0.0	0.0	0.0
3.23	0.9999973851618345	295.0	295.0	0.0	0.0	0.0	0.0
3.2399999999999998	0.9999973833846124	295.0	295.0	0.0	0.0	0.0	0.0
3.25	0.9999973816212059	295.0	295.0	0.0	0.0	0.0	0.0
3.26	0.9999973798715083	295.0	295.0	0.0	0.0	0.0	0.0
3.27	0.9999973781354121	295.0	295.0	0.0	0.0	0.0	0.0
3.28	0.9999973764128118	295.0	295.0	0.0	0.0	0.0	0.0
3.29	0.9999973747036035	295.0	295.0	0.0	0.0	0.0	0.0
3.3000000000000003	0.999997373007681	295.0	295.0	0.0	0.0	0.0	0.0
3.3099999999999996	0.9999973713249419	295.0	295.0	0.0	0.0	0.0	0.0
3.32	0.9999973696552844	295.0	295.0	0.0	0.0	0.0	0.0
3.3299999999999996	0.9999973679986064	295.0	295.0	0.0	0.0	0.0	0.0
3.34	0.9999973663548064	295.0	295.0	0.0	0.0	0.0	0.0
3.35	0.9999973647237849	295.0	295.0	0.0	0.0	0.0	0.0
3.36	0.9999973631054414	295.0	295.0	0.0	0.0	0.0	0.0
3.37	0.9999973614996794	295.0	295.0	0.0	0.0	0.0	0.0
3.38	0.9999973599064004	295.0	295.0	0.0	0.0	0.0	0.0
3.3899999999999997	0.9999973583255068	295.0	295.0	0.0	0.0	0.0	0.0
3.4	0.999997356756903	295.0	295.0	0.0	0.0	0.0	0.0
3.4099999999999997	0.9999973552004928	295.0	295.0	0.0	0.0	0.0	0.0
3.42	0.9999973536561816	295.0	295.0	0.0	0.0	0.0	0.0
3.43	0.999997352123875	295.0	295.0	0.0	0.0	0.0	0.0
3.44	0.9999973506034798	295.0	295.0	0.0	0.0	0.0	0.0
3.45	0.9999973490949037	295.0	295.0	0.0	0.0	0.0	0.0
3.46	0.999997347598055	295.0	295.0	0.0	0.0	0.0	0.0
3.4699999999999998	0.9999973461128424	295.0	295.0	0.0	0.0	0.0	0.0
3.48	0.9999973446391753	295.0	295.0	0.0	0.0	0.0	0.0
3.4899999999999998	0.9999973431769642	295.0	295.0	0.0	0.0	0.0	0.0
3.5	0.9999973417261199	295.0	295.0	0.0	0.0	0.0	0.0
3.51	0.9999973402865543	295.0	295.0	0.0	0.0	0.0	0.0
3.52	0.9999973388581783	295.0	295.0	0.0	0.0	0.0	0.0
3.5300000000000002	0.9999973374409076	295.0	295.0	0.0	0.0	0.0	0.0
3.54	0.999997336034654	295.0	295.0	0.0	0.0	0.0	0.0
3.55	0.9999973346393319	295.0	295.0	0.0	0.0	0.0	0.0
3.5599999999999996	0.9999973332548565	295.0	295.0	0.0	0.0	0.0	0.0
3.57	0.9999973318811437	295.0	295.0	0.0	0.0	0.0	0.0
3.58	0.9999973305181099	295.0	295.0	0.0	0.0	0.0	0.0
3.59	0.999997329165672	295.0	295.0	0.0	0.0	0.0	0.0
3.6	0.9999973278237474	295.0	295.0	0.0	0.0	0.0	0.0
3.61	0.9999973264922543	295.0	295.0	0.0	0.0	0.0	0.0
3.62	0.9999973251711121	295.0	295.0	0.0	0.0	0.0	0.0
3.63	0.9999973238602398	295.0	295.0	0.0	0.0	0.0	0.0
3.6399999999999997	0.999997322559558	295.0	295.0	0.0	0.0	0.0	0.0
3.65	0.9999973212689879	295.0	295.0	0.0	0.0	0.0	0.0
3.66	0.9999973199884494	295.0	295.0	0.0	0.0	0.0	0.0
3.6700000000000004	0.9999973187178657	295.0	295.0	0.0	0.0	0.0	0.0
3.6799999999999997	0.999997317457159	295.0	295.0	0.0	0.0	0.0	0.0
3.69	0.999997316206253	295.0	295.0	0.0	0.0	0.0	0.0
3.7	0.9999973149650705	295.0	295.0	0.0	0.0	0.0	0.0
3.71	0.9999973137335374	295.0	295.0	0.0	0.0	0.0	0.0
3.72	0.999997312511577	295.0	295.0	0.0	0.0	0.0	0.0
3.7299999999999995	0.9999973112991165	295.0	295.0	0.0	0.0	0.0	0.0
3.7399999999999998	0.9999973100960811	295.0	295.0	0.0	0.0	0.0	0.0
3.75	0.9999973089023978	295.0	295.0	0.0	0.0	0.0	0.0
3.7600000000000002	0.999997307717993	295.0	295.0	0.0	0.0	0.0	0.0
3.7700000000000005	0.999997306542796	295.0	295.0	0.0	0.0	0.0	0.0
3.78	0.9999973053767345	295.0	295.0	0.0	0.0	0.0	0.0
3.7899999999999996	0.9999973042197378	295.0	295.0	0.0	0.0	0.0	0.0
3.8	0.9999973030717348	295.0	295.0	0.0	0.0	0.0	0.0
3.81	0.9999973019326596	295.0	295.0	0.0	0.0	0.0	0.0
3.8200000000000003	0.9999973008024363	295.0	295.0	0.0	0.0	0.0	0.0
3.8299999999999996	0.9999972996809985	295.0	295.0	0.0	0.0	0.0	0.0
3.84	0.9999972985682787	295.0	295.0	0.0	0.0	0.0	0.0
3.85	0.999997297464209	295.0	295.0	0.0	0.0	0.0	0.0
3.8600000000000003	0.9999972963687219	295.0	295.0	0.0	0.0	0.0	0.0
3.87	0.9999972952817499	295.0	295.0	0.0	0.0	0.0	0.0
3.8799999999999994	0.9999972942032287	295.0	295.0	0.0	0.0	0.0	0.0
3.8899999999999997	0.999997293133091	295.0	295.0	0.0	0.0	0.0	0.0
3.9	0.9999972920712727	295.0	295.0	0.0	0.0	0.0	0.0
3.91	0.9999972910177083	295.0	295.0	0.0	0.0	0.0	0.0
3.9200000000000004	0.9999972899723337	295.0	295.0	0.0	0.0	0.0	0.0
3.9299999999999997	0.9999972889350861	295.0	295.0	0.0	0.0	0.0	0.0
3.94	0.9999972879059009	295.0	295.0	0.0	0.0	0.0	0.0
3.9499999999999997	0.9999972868847169	295.0	295.0	0.0	0.0	0.0	0.0
3.96	0.9999972858714711	295.0	295.0	0.0	0.0	0.0	0.0
3.97	0.999997284866102	295.0	295.0	0.0	0.0	0.0	0.0
3.9799999999999995	0.9999972838685491	295.0	295.0	0.0	0.0	0.0	0.0
3.9899999999999998	0.9999972828787507	295.0	295.0	0.0	0.0	0.0	0.0
4.0	0.9999972818966463	295.0	295.0	0.0	0.0	0.0	0.0
4.01	0.9999972809221764	295.0	295.0	0.0	0.0	0.0	0.0
4.0200000000000005	0.9999972799552823	295.0	295.0	0.0	0.0	0.0	0.0
4.029999999999999	0.9999972789959041	295.0	295.0	0.0	0.0	0.0	0.0
4.04	0.9999972780439844	295.0	295.0	0.0	0.0	0.0	0.0
4.05	0.9999972770994637	295.0	295.0	0.0	0.0	0.0	0.0
4.0600000000000005	0.9999972761622858	295.0	295.0	0.0	0.0	0.0	0.0
4.07	0.999997275232393	295.0	295.0	0.0	0.0	0.0	0.0
4.079999999999999	0.999997274309729	295.0	295.0	0.0	0.0	0.0	0.0
4.09	0.9999972733942377	295.0	295.0	0.0	0.0	0.0	0.0
4.1	0.9999972724858631	295.0	295.0	0.0	0.0	0.0	0.0
4.11	0.9999972715845495	295.0	295.0	0.0	0.0	0.0	0.0
4.12	0.9999972706902429	295.0	295.0	0.0	0.0	0.0	0.0
4.13	0.9999972698028878	295.0	295.0	0.0	0.0	0.0	0.0
4.14	0.9999972689224311	295.0	295.0	0.0	0.0	0.0	0.0
4.1499999999999995	0.9999972680488184	295.0	295.0	0.0	0.0	0.0	0.0
4.16	0.9999972671819969	295.0	295.0	0.0	0.0	0.0	0.0
4.17	0.9999972663219153	295.0	295.0	0.0	0.0	0.0	0.0
4.18	0.9999972654685183	295.0	295.0	0.0	0.0	0.0	0.0
4.1899999999999995	0.9999972646217551	295.0	295.0	0.0	0.0	0.0	0.0
4.2	0.9999972637815745	295.0	295.0	0.0	0.0	0.0	0.0
4.21	0.9999972629479262	295.0	295.0	0.0	0.0	0.0	0.0
4.22	0.9999972621207581	295.0	295.0	0.0	0.0	0.0	0.0
4.2299999999999995	0.9999972613000195	295.0	295.0	0.0	0.0	0.0	0.0
4.239999999999999	0.9999972604856614	295.0	295.0	0.0	0.0	0.0	0.0
4.25	0.9999972596776341	295.0	295.0	0.0	0.0	0.0	0.0
4.26	0.9999972588758879	295.0	295.0	0.0	0.0	0.0	0.0
4.2700000000000005	0.9999972580803748	295.0	295.0	0.0	0.0	0.0	0.0
4.279999999999999	0.9999972572910457	295.0	295.0	0.0	0.0	0.0	0.0
4.29	0.9999972565078514	295.0	295.0	0.0	0.0	0.0	0.0
4.3	0.9999972557307464	295.0	295.0	0.0	0.0	0.0	0.0
4.31	0.9999972549596825	295.0	295.0	0.0	0.0	0.0	0.0
4.32	0.9999972541946123	295.0	295.0	0.0	0.0	0.0	0.0
4.329999999999999	0.9999972534354896	295.0	295.0	0.0	0.0	0.0	0.0
4.34	0.9999972526822681	295.0	295.0	0.0	0.0	0.0	0.0
4.35	0.9999972519349023	295.0	295.0	0.0	0.0	0.0	0.0
4.36	0.9999972511933453	295.0	295.0	0.0	0.0	0.0	0.0
4.37	0.999997250457553	295.0	295.0	0.0	0.0	0.0	0.0
4.38	0.9999972497274808	295.0	295.0	0.0	0.0	0.0	0.0
4.39	0.9999972490030841	295.0	295.0	0.0	0.0	0.0	0.0
4.3999999999999995	0.9999972482843188	295.0	295.0	0.0	0.0	0.0	0.0
4.41	0.9999972475711395	295.0	295.0	0.0	0.0	0.0	0.0
4.42	0.9999972468635059	295.0	295.0	0.0	0.0	0.0	0.0
4.430000000000001	0.9999972461613726	295.0	295.0	0.0	0.0	0.0	0.0
4.4399999999999995	0.9999972454646977	295.0	295.0	0.0	0.0	0.0	0.0
4.45	0.9999972447734387	295.0	295.0	0.0	0.0	0.0	0.0
4.46	0.9999972440875535	295.0	295.0	0.0	0.0	0.0	0.0
4.47	0.9999972434069998	295.0	295.0	0.0	0.0	0.0	0.0
4.48	0.9999972427317363	295.0	295.0	0.0	0.0	0.0	0.0
4.489999999999999	0.9999972420617226	295.0	295.0	0.0	0.0	0.0	0.0
4.5	0.9999972413969177	295.0	295.0	0.0	0.0	0.0	0.0
4.51	0.9999972407372804	295.0	295.0	0.0	0.0	0.0	0.0
4.5200000000000005	0.9999972400827709	295.0	295.0	0.0	0.0	0.0	0.0
4.53	0.9999972394333495	295.0	295.0	0.0	0.0	0.0	0.0
4.54	0.9999972387889761	295.0	295.0	0.0	0.0	0.0	0.0
4.55	0.9999972381496116	295.0	295.0	0.0	0.0	0.0	0.0
4.56	0.9999972375152179	295.0	295.0	0.0	0.0	0.0	0.0
4.57	0.999997236885755	295.0	295.0	0.0	0.0	0.0	0.0
4.58	0.9999972362611859	295.0	295.0	0.0	0.0	0.0	0.0
4.59	0.9999972356414724	295.0	295.0	0.0	0.0	0.0	0.0
4.6	0.9999972350265759	295.0	295.0	0.0	0.0	0.0	0.0
4.61	0.9999972344164592	295.0	295.0	0.0	0.0	0.0	0.0
4.62	0.999997233811086	295.0	295.0	0.0	0.0	0.0	0.0
4.63	0.9999972332104183	295.0	295.0	0.0	0.0	0.0	0.0
4.64	0.9999972326144203	295.0	295.0	0.0	0.0	0.0	0.0
4.6499999999999995	0.9999972320230557	295.0	295.0	0.0	0.0	0.0	0.0
4.66	0.9999972314362877	295.0	295.0	0.0	0.0	0.0	0.0
4.67	0.9999972308540812	295.0	295.0	0.0	0.0	0.0	0.0
4.680000000000001	0.9999972302763999	295.0	295.0	0.0	0.0	0.0	0.0
4.6899999999999995	0.9999972297032108	295.0	295.0	0.0	0.0	0.0	0.0
4.7	0.999997229134479	295.0	295.0	0.0	0.0	0.0	0.0
4.71	0.9999972285701662	295.0	295.0	0.0	0.0	0.0	0.0
4.72	0.9999972280102405	295.0	295.0	0.0	0.0	0.0	0.0
4.73	0.9999972274546668	295.0	295.0	0.0	0.0	0.0	0.0
4.739999999999999	0.9999972269034124	295.0	295.0	0.0	0.0	0.0	0.0
4.75	0.9999972263564428	295.0	295.0	0.0	0.0	0.0	0.0
4.76	0.9999972258137251	295.0	295.0	0.0	0.0	0.0	0.0
4.7700000000000005	0.9999972252752269	295.0	295.0	0.0	0.0	0.0	0.0
4.78	0.9999972247409145	295.0	295.0	0.0	0.0	0.0	0.0
4.789999999999999	0.9999972242107558	295.0	295.0	0.0	0.0	0.0	0.0
4.8	0.9999972236847184	295.0	295.0	0.0	0.0	0.0	0.0
4.81	0.99999722316277	295.0	295.0	0.0	0.0	0.0	0.0
4.82	0.9999972226448792	295.0	295.0	0.0	0.0	0.0	0.0
4.83	0.9999972221310148	295.0	295.0	0.0	0.0	0.0	0.0
4.84	0.9999972216211442	295.0	295.0	0.0	0.0	0.0	0.0
4.85	0.9999972211152374	295.0	295.0	0.0	0.0	0.0	0.0
4.86	0.9999972206132633	295.0	295.0	0.0	0.0	0.0	0.0
4.87	0.9999972201151921	295.0	295.0	0.0	0.0	0.0	0.0
4.88	0.999997219620992	295.0	295.0	0.0	0.0	0.0	0.0
4.89	0.9999972191306341	295.0	295.0	0.0	0.0	0.0	0.0
4.8999999999999995	0.9999972186440877	295.0	295.0	0.0	0.0	0.0	0.0
4.91	0.9999972181613238	295.0	295.0	0.0	0.0	0.0	0.0
4.92	0.9999972176823126	295.0	295.0	0.0	0.0	0.0	0.0
4.930000000000001	0.9999972172070265	295.0	295.0	0.0	0.0	0.0	0.0
4.9399999999999995	0.9999972167354336	295.0	295.0	0.0	0.0	0.0	0.0
4.949999999999999	0.9999972162675065	295.0	295.0	0.0	0.0	0.0	0.0
4.96	0.9999972158032175	295.0	295.0	0.0	0.0	0.0	0.0
4.97	0.9999972153425375	295.0	295.0	0.0	0.0	0.0	0.0
4.98	0.9999972148854388	295.0	295.0	0.0	0.0	0.0	0.0
4.989999999999999	0.9999972144318934	295.0	295.0	0.0	0.0	0.0	0.0
5.0	0.9999972139818738	295.0	295.0	0.0	0.0	0.0	0.0
5.01	0.9999972135353525	295.0	295.0	0.0	0.0	0.0	0.0
5.02	0.999997213092302	295.0	295.0	0.0	0.0	0.0	0.0
5.03	0.9999972126526963	295.0	295.0	0.0	0.0	0.0	0.0
5.039999999999999	0.9999972122165077	295.0	295.0	0.0	0.0	0.0	0.0
5.05	0.9999972117837097	295.0	295.0	0.0	0.0	0.0	0.0
5.06	0.9999972113542764	295.0	295.0	0.0	0.0	0.0	0.0
5.07	0.9999972109281815	295.0	295.0	0.0	0.0	0.0	0.0
5.08	0.9999972105053989	295.0	295.0	0.0	0.0	0.0	0.0
5.09	0.9999972100859023	295.0	295.0	0.0	0.0	0.0	0.0
5.1	0.9999972096696669	295.0	295.0	0.0	0.0	0.0	0.0
5.109999999999999	0.9999972092566674	295.0	295.0	0.0	0.0	0.0	0.0
5.12	0.9999972088468779	295.0	295.0	0.0	0.0	0.0	0.0
5.13	0.9999972084402742	295.0	295.0	0.0	0.0	0.0	0.0
5.14	0.9999972080368313	295.0	295.0	0.0	0.0	0.0	0.0
5.1499999999999995	0.9999972076365247	295.0	295.0	0.0	0.0	0.0	0.0
5.16	0.9999972072393303	295.0	295.0	0.0	0.0	0.0	0.0
5.17	0.9999972068452235	295.0	295.0	0.0	0.0	0.0	0.0
5.18	0.9999972064541808	295.0	295.0	0.0	0.0	0.0	0.0
5.1899999999999995	0.999997206066177	295.0	295.0	0.0	0.0	0.0	0.0
5.199999999999999	0.9999972056811898	295.0	295.0	0.0	0.0	0.0	0.0
5.21	0.9999972052991956	295.0	295.0	0.0	0.0	0.0	0.0
5.22	0.9999972049201707	295.0	295.0	0.0	0.0	0.0	0.0
5.23	0.9999972045440925	295.0	295.0	0.0	0.0	0.0	0.0
5.24	0.9999972041709372	295.0	295.0	0.0	0.0	0.0	0.0
5.25	0.9999972038006829	295.0	295.0	0.0	0.0	0.0	0.0
5.26	0.9999972034333067	295.0	295.0	0.0	0.0	0.0	0.0
5.27	0.9999972030687864	295.0	295.0	0.0	0.0	0.0	0.0
5.28	0.9999972027071001	295.0	295.0	0.0	0.0	0.0	0.0
5.29	0.9999972023482253	295.0	295.0	0.0	0.0	0.0	0.0
5.3	0.9999972019921409	295.0	295.0	0.0	0.0	0.0	0.0
5.31	0.9999972016388241	295.0	295.0	0.0	0.0	0.0	0.0
5.32	0.9999972012882541	295.0	295.0	0.0	0.0	0.0	0.0
5.33	0.9999972009404087	295.0	295.0	0.0	0.0	0.0	0.0
5.34	0.9999972005952676	295.0	295.0	0.0	0.0	0.0	0.0
5.35	0.9999972002528095	295.0	295.0	0.0	0.0	0.0	0.0
5.359999999999999	0.9999971999130136	295.0	295.0	0.0	0.0	0.0	0.0
5.37	0.9999971995758591	295.0	295.0	0.0	0.0	0.0	0.0
5.38	0.9999971992413259	295.0	295.0	0.0	0.0	0.0	0.0
5.390000000000001	0.9999971989093933	295.0	295.0	0.0	0.0	0.0	0.0
5.3999999999999995	0.9999971985800404	295.0	295.0	0.0	0.0	0.0	0.0
5.41	0.9999971982532484	295.0	295.0	0.0	0.0	0.0	0.0
5.42	0.9999971979289964	295.0	295.0	0.0	0.0	0.0	0.0
5.43	0.999997197607265	295.0	295.0	0.0	0.0	0.0	0.0
5.44	0.9999971972880346	295.0	295.0	0.0	0.0	0.0	0.0
5.449999999999999	0.9999971969712859	295.0	295.0	0.0	0.0	0.0	0.0
5.46	0.9999971966569995	295.0	295.0	0.0	0.0	0.0	0.0
5.47	0.9999971963451565	295.0	295.0	0.0	0.0	0.0	0.0
5.48	0.9999971960357377	295.0	295.0	0.0	0.0	0.0	0.0
5.49	0.9999971957287241	295.0	295.0	0.0	0.0	0.0	0.0
5.5	0.999997195424097	295.0	295.0	0.0	0.0	0.0	0.0
5.51	0.9999971951218382	295.0	295.0	0.0	0.0	0.0	0.0
5.52	0.9999971948219291	295.0	295.0	0.0	0.0	0.0	0.0
5.53	0.9999971945243511	295.0	295.0	0.0	0.0	0.0	0.0
5.54	0.9999971942290863	295.0	295.0	0.0	0.0	0.0	0.0
5.55	0.9999971939361164	295.0	295.0	0.0	0.0	0.0	0.0
5.56	0.9999971936454245	295.0	295.0	0.0	0.0	0.0	0.0
5.57	0.9999971933569919	295.0	295.0	0.0	0.0	0.0	0.0
5.58	0.9999971930708057	295.0	295.0	0.0	0.0	0.0	0.0
5.59	0.9999971927868446	295.0	295.0	0.0	0.0	0.0	0.0
5.6	0.9999971925050858	295.0	295.0	0.0	0.0	0.0	0.0
5.609999999999999	0.9999971922255183	295.0	295.0	0.0	0.0	0.0	0.0
5.62	0.9999971919481235	295.0	295.0	0.0	0.0	0.0	0.0
5.63	0.9999971916728857	295.0	295.0	0.0	0.0	0.0	0.0
5.640000000000001	0.9999971913997873	295.0	295.0	0.0	0.0	0.0	0.0
5.6499999999999995	0.9999971911288121	295.0	295.0	0.0	0.0	0.0	0.0
5.66	0.9999971908599438	295.0	295.0	0.0	0.0	0.0	0.0
5.67	0.9999971905931647	295.0	295.0	0.0	0.0	0.0	0.0
5.68	0.9999971903284601	295.0	295.0	0.0	0.0	0.0	0.0
5.69	0.999997190065813	295.0	295.0	0.0	0.0	0.0	0.0
5.699999999999999	0.9999971898052077	295.0	295.0	0.0	0.0	0.0	0.0
5.71	0.9999971895466281	295.0	295.0	0.0	0.0	0.0	0.0
5.72	0.9999971892900584	295.0	295.0	0.0	0.0	0.0	0.0
5.73	0.9999971890354837	295.0	295.0	0.0	0.0	0.0	0.0
5.74	0.9999971887828879	295.0	295.0	0.0	0.0	0.0	0.0
5.749999999999999	0.9999971885322558	295.0	295.0	0.0	0.0	0.0	0.0
5.76	0.9999971882835721	295.0	295.0	0.0	0.0	0.0	0.0
5.77	0.9999971880368218	295.0	295.0	0.0	0.0	0.0	0.0
5.78	0.9999971877919892	295.0	295.0	0.0	0.0	0.0	0.0
5.79	0.9999971875490599	295.0	295.0	0.0	0.0	0.0	0.0
5.8	0.999997187308019	295.0	295.0	0.0	0.0	0.0	0.0
5.81	0.999997187068852	295.0	295.0	0.0	0.0	0.0	0.0
5.819999999999999	0.9999971868315444	295.0	295.0	0.0	0.0	0.0	0.0
5.83	0.9999971865960812	295.0	295.0	0.0	0.0	0.0	0.0
5.84	0.9999971863624483	295.0	295.0	0.0	0.0	0.0	0.0
5.85	0.9999971861306318	295.0	295.0	0.0	0.0	0.0	0.0
5.859999999999999	0.9999971859006177	295.0	295.0	0.0	0.0	0.0	0.0
5.87	0.9999971856723903	295.0	295.0	0.0	0.0	0.0	0.0
5.88	0.9999971854459382	295.0	295.0	0.0	0.0	0.0	0.0
5.890000000000001	0.9999971852212468	295.0	295.0	0.0	0.0	0.0	0.0
5.8999999999999995	0.9999971849983015	295.0	295.0	0.0	0.0	0.0	0.0
5.909999999999999	0.9999971847770894	295.0	295.0	0.0	0.0	0.0	0.0
5.92	0.9999971845575969	295.0	295.0	0.0	0.0	0.0	0.0
5.93	0.9999971843398108	295.0	295.0	0.0	0.0	0.0	0.0
5.94	0.9999971841237177	295.0	295.0	0.0	0.0	0.0	0.0
5.949999999999999	0.9999971839093035	295.0	295.0	0.0	0.0	0.0	0.0
5.96	0.9999971836965563	295.0	295.0	0.0	0.0	0.0	0.0
5.97	0.9999971834854638	295.0	295.0	0.0	0.0	0.0	0.0
5.9799999999999995	0.9999971832760121	295.0	295.0	0.0	0.0	0.0	0.0
5.99	0.999997183068189	295.0	295.0	0.0	0.0	0.0	0.0
5.999999999999999	0.999997182861981	295.0	295.0	0.0	0.0	0.0	0.0
6.01	0.9999971826573761	295.0	295.0	0.0	0.0	0.0	0.0
6.02	0.9999971824543614	295.0	295.0	0.0	0.0	0.0	0.0
6.03	0.9999971822529253	295.0	295.0	0.0	0.0	0.0	0.0
6.04	0.9999971820530551	295.0	295.0	0.0	0.0	0.0	0.0
6.050000000000001	0.9999971818547384	295.0	295.0	0.0	0.0	0.0	0.0
6.06	0.9999971816579637	295.0	295.0	0.0	0.0	0.0	0.0
6.069999999999999	0.9999971814627187	295.0	295.0	0.0	0.0	0.0	0.0
6.08	0.9999971812689912	295.0	295.0	0.0	0.0	0.0	0.0
6.09	0.9999971810767698	295.0	295.0	0.0	0.0	0.0	0.0
6.1000000000000005	0.9999971808860434	295.0	295.0	0.0	0.0	0.0	0.0
6.109999999999999	0.9999971806967992	295.0	295.0	0.0	0.0	0.0	0.0
6.12	0.999997180509026	295.0	295.0	0.0	0.0	0.0	0.0
6.13	0.999997180322712	295.0	295.0	0.0	0.0	0.0	0.0
6.14	0.9999971801378461	295.0	295.0	0.0	0.0	0.0	0.0
6.15	0.999997179954418	295.0	295.0	0.0	0.0	0.0	0.0
6.159999999999999	0.9999971797724156	295.0	295.0	0.0	0.0	0.0	0.0
6.17	0.9999971795918282	295.0	295.0	0.0	0.0	0.0	0.0
6.18	0.9999971794126441	295.0	295.0	0.0	0.0	0.0	0.0
6.19	0.9999971792348532	295.0	295.0	0.0	0.0	0.0	0.0
6.2	0.9999971790584444	295.0	295.0	0.0	0.0	0.0	0.0
6.21	0.999997178883407	295.0	295.0	0.0	0.0	0.0	0.0
6.22	0.9999971787097303	295.0	295.0	0.0	0.0	0.0	0.0
6.2299999999999995	0.999997178537404	295.0	295.0	0.0	0.0	0.0	0.0
6.24	0.9999971783664177	295.0	295.0	0.0	0.0	0.0	0.0
6.25	0.9999971781967597	295.0	295.0	0.0	0.0	0.0	0.0
6.26	0.9999971780284208	295.0	295.0	0.0	0.0	0.0	0.0
6.27	0.9999971778613906	295.0	295.0	0.0	0.0	0.0	0.0
6.28	0.9999971776956589	295.0	295.0	0.0	0.0	0.0	0.0
6.29	0.9999971775312156	295.0	295.0	0.0	0.0	0.0	0.0
6.3	0.9999971773680498	295.0	295.0	0.0	0.0	0.0	0.0
6.31	0.9999971772061529	295.0	295.0	0.0	0.0	0.0	0.0
6.319999999999999	0.9999971770455143	295.0	295.0	0.0	0.0	0.0	0.0
6.33	0.9999971768861247	295.0	295.0	0.0	0.0	0.0	0.0
6.34	0.9999971767279745	295.0	295.0	0.0	0.0	0.0	0.0
6.3500000000000005	0.9999971765710536	295.0	295.0	0.0	0.0	0.0	0.0
6.359999999999999	0.9999971764153524	295.0	295.0	0.0	0.0	0.0	0.0
6.37	0.9999971762608614	295.0	295.0	0.0	0.0	0.0	0.0
6.38	0.9999971761075718	295.0	295.0	0.0	0.0	0.0	0.0
6.39	0.9999971759554733	295.0	295.0	0.0	0.0	0.0	0.0
6.4	0.9999971758045573	295.0	295.0	0.0	0.0	0.0	0.0
6.409999999999999	0.9999971756548145	295.0	295.0	0.0	0.0	0.0	0.0
6.42	0.9999971755062355	295.0	295.0	0.0	0.0	0.0	0.0
6.43	0.999997175358812	295.0	295.0	0.0	0.0	0.0	0.0
6.44	0.9999971752125338	295.0	295.0	0.0	0.0	0.0	0.0
6.45	0.9999971750673936	295.0	295.0	0.0	0.0	0.0	0.0
6.46	0.999997174923381	295.0	295.0	0.0	0.0	0.0	0.0
6.47	0.9999971747804898	295.0	295.0	0.0	0.0	0.0	0.0
6.4799999999999995	0.9999971746387065	295.0	295.0	0.0	0.0	0.0	0.0
6.49	0.9999971744980273	295.0	295.0	0.0	0.0	0.0	0.0
6.5	0.9999971743584413	295.0	295.0	0.0	0.0	0.0	0.0
6.51	0.9999971742199398	295.0	295.0	0.0	0.0	0.0	0.0
6.52	0.9999971740825155	295.0	295.0	0.0	0.0	0.0	0.0
6.53	0.9999971739461595	295.0	295.0	0.0	0.0	0.0	0.0
6.54	0.9999971738108633	295.0	295.0	0.0	0.0	0.0	0.0
6.55	0.9999971736766191	295.0	295.0	0.0	0.0	0.0	0.0
6.56	0.9999971735434185	295.0	295.0	0.0	0.0	0.0	0.0
6.569999999999999	0.9999971734112532	295.0	295.0	0.0	0.0	0.0	0.0
6.58	0.9999971732801152	295.0	295.0	0.0	0.0	0.0	0.0
6.59	0.9999971731499968	295.0	295.0	0.0	0.0	0.0	0.0
6.6000000000000005	0.9999971730208899	295.0	295.0	0.0	0.0	0.0	0.0
6.609999999999999	0.9999971728927867	295.0	295.0	0.0	0.0	0.0	0.0
6.619999999999999	0.9999971727656789	295.0	295.0	0.0	0.0	0.0	0.0
6.63	0.9999971726395593	295.0	295.0	0.0	0.0	0.0	0.0
6.64	0.9999971725144204	295.0	295.0	0.0	0.0	0.0	0.0
6.65	0.9999971723902544	295.0	295.0	0.0	0.0	0.0	0.0
6.659999999999999	0.9999971722670535	295.0	295.0	0.0	0.0	0.0	0.0
6.67	0.9999971721448092	295.0	295.0	0.0	0.0	0.0	0.0
6.68	0.9999971720235161	295.0	295.0	0.0	0.0	0.0	0.0
6.69	0.9999971719031662	295.0	295.0	0.0	0.0	0.0	0.0
6.7	0.9999971717837517	295.0	295.0	0.0	0.0	0.0	0.0
6.709999999999999	0.9999971716652657	295.0	295.0	0.0	0.0	0.0	0.0
6.72	0.9999971715477003	295.0	295.0	0.0	0.0	0.0	0.0
6.7299999999999995	0.9999971714310494	295.0	295.0	0.0	0.0	0.0	0.0
6.74	0.9999971713153051	295.0	295.0	0.0	0.0	0.0	0.0
6.75	0.99999717120046	295.0	295.0	0.0	0.0	0.0	0.0
6.76	0.9999971710865071	295.0	295.0	0.0	0.0	0.0	0.0
6.77	0.9999971709734412	295.0	295.0	0.0	0.0	0.0	0.0
6.779999999999999	0.9999971708612541	295.0	295.0	0.0	0.0	0.0	0.0
6.79	0.9999971707499393	295.0	295.0	0.0	0.0	0.0	0.0
6.8	0.9999971706394895	295.0	295.0	0.0	0.0	0.0	0.0
6.81	0.9999971705298987	295.0	295.0	0.0	0.0	0.0	0.0
6.819999999999999	0.9999971704211593	295.0	295.0	0.0	0.0	0.0	0.0
6.83	0.9999971703132654	295.0	295.0	0.0	0.0	0.0	0.0
6.84	0.9999971702062107	295.0	295.0	0.0	0.0	0.0	0.0
6.8500000000000005	0.9999971700999878	295.0	295.0	0.0	0.0	0.0	0.0
6.86	0.9999971699945908	295.0	295.0	0.0	0.0	0.0	0.0
6.869999999999999	0.9999971698900129	295.0	295.0	0.0	0.0	0.0	0.0
6.88	0.9999971697862484	295.0	295.0	0.0	0.0	0.0	0.0
6.89	0.9999971696832901	295.0	295.0	0.0	0.0	0.0	0.0
6.9	0.9999971695811322	295.0	295.0	0.0	0.0	0.0	0.0
6.91	0.9999971694797682	295.0	295.0	0.0	0.0	0.0	0.0
6.92	0.9999971693791925	295.0	295.0	0.0	0.0	0.0	0.0
6.93	0.9999971692793983	295.0	295.0	0.0	0.0	0.0	0.0
6.9399999999999995	0.9999971691803802	295.0	295.0	0.0	0.0	0.0	0.0
6.95	0.9999971690821318	295.0	295.0	0.0	0.0	0.0	0.0
6.96	0.999997168984647	295.0	295.0	0.0	0.0	0.0	0.0
6.97	0.9999971688879201	295.0	295.0	0.0	0.0	0.0	0.0
6.9799999999999995	0.9999971687919451	295.0	295.0	0.0	0.0	0.0	0.0
6.99	0.9999971686967157	295.0	295.0	0.0	0.0	0.0	0.0
7.0	0.9999971686022253	295.0	295.0	0.0	0.0	0.0	0.0
7.01	0.9999971685084718	295.0	295.0	0.0	0.0	0.0	0.0
7.02	0.9999971684154465	295.0	295.0	0.0	0.0	0.0	0.0
7.029999999999999	0.9999971683231443	295.0	295.0	0.0	0.0	0.0	0.0
7.04	0.9999971682315597	295.0	295.0	0.0	0.0	0.0	0.0
7.05	0.999997168140687	295.0	295.0	0.0	0.0	0.0	0.0
7.0600000000000005	0.9999971680505206	295.0	295.0	0.0	0.0	0.0	0.0
7.069999999999999	0.9999971679610555	295.0	295.0	0.0	0.0	0.0	0.0
7.08	0.9999971678722857	295.0	295.0	0.0	0.0	0.0	0.0
7.09	0.9999971677842058	295.0	295.0	0.0	0.0	0.0	0.0
7.1	0.9999971676968105	295.0	295.0	0.0	0.0	0.0	0.0
7.11	0.9999971676100952	295.0	295.0	0.0	0.0	0.0	0.0
7.119999999999999	0.9999971675240537	295.0	295.0	0.0	0.0	0.0	0.0
7.13	0.9999971674386814	295.0	295.0	0.0	0.0	0.0	0.0
7.14	0.9999971673539723	295.0	295.0	0.0	0.0	0.0	0.0
7.15	0.9999971672699215	295.0	295.0	0.0	0.0	0.0	0.0
7.16	0.9999971671865243	295.0	295.0	0.0	0.0	0.0	0.0
7.17	0.9999971671037756	295.0	295.0	0.0	0.0	0.0	0.0
7.18	0.9999971670216701	295.0	295.0	0.0	0.0	0.0	0.0
7.1899999999999995	0.9999971669402024	295.0	295.0	0.0	0.0	0.0	0.0
7.2	0.9999971668593682	295.0	295.0	0.0	0.0	0.0	0.0
7.21	0.9999971667791627	295.0	295.0	0.0	0.0	0.0	0.0
7.22	0.9999971666995808	295.0	295.0	0.0	0.0	0.0	0.0
7.2299999999999995	0.9999971666206176	295.0	295.0	0.0	0.0	0.0	0.0
7.24	0.999997166542268	295.0	295.0	0.0	0.0	0.0	0.0
7.25	0.9999971664645266	295.0	295.0	0.0	0.0	0.0	0.0
7.26	0.9999971663873907	295.0	295.0	0.0	0.0	0.0	0.0
7.27	0.9999971663108539	295.0	295.0	0.0	0.0	0.0	0.0
7.279999999999999	0.9999971662349124	295.0	295.0	0.0	0.0	0.0	0.0
7.29	0.9999971661595611	295.0	295.0	0.0	0.0	0.0	0.0
7.3	0.9999971660847956	295.0	295.0	0.0	0.0	0.0	0.0
7.3100000000000005	0.9999971660106111	295.0	295.0	0.0	0.0	0.0	0.0
7.32	0.9999971659370033	295.0	295.0	0.0	0.0	0.0	0.0
7.33	0.999997165863968	295.0	295.0	0.0	0.0	0.0	0.0
7.340000000000001	0.9999971657915003	295.0	295.0	0.0	0.0	0.0	0.0
7.349999999999999	0.9999971657195956	295.0	295.0	0.0	0.0	0.0	0.0
7.359999999999999	0.9999971656482521	295.0	295.0	0.0	0.0	0.0	0.0
7.369999999999999	0.9999971655774613	295.0	295.0	0.0	0.0	0.0	0.0
7.38	0.9999971655072213	295.0	295.0	0.0	0.0	0.0	0.0
7.39	0.9999971654375268	295.0	295.0	0.0	0.0	0.0	0.0
7.4	0.9999971653683742	295.0	295.0	0.0	0.0	0.0	0.0
7.41	0.9999971652997592	295.0	295.0	0.0	0.0	0.0	0.0
7.42	0.9999971652316775	295.0	295.0	0.0	0.0	0.0	0.0
7.430000000000001	0.9999971651641252	295.0	295.0	0.0	0.0	0.0	0.0
7.44	0.9999971650970974	295.0	295.0	0.0	0.0	0.0	0.0
7.449999999999999	0.999997165030591	295.0	295.0	0.0	0.0	0.0	0.0
7.459999999999999	0.9999971649646019	295.0	295.0	0.0	0.0	0.0	0.0
7.47	0.9999971648991256	295.0	295.0	0.0	0.0	0.0	0.0
7.4799999999999995	0.9999971648341581	295.0	295.0	0.0	0.0	0.0	0.0
7.49	0.9999971647696962	295.0	295.0	0.0	0.0	0.0	0.0
7.5	0.9999971647057347	295.0	295.0	0.0	0.0	0.0	0.0
7.51	0.9999971646422714	295.0	295.0	0.0	0.0	0.0	0.0
7.5200000000000005	0.9999971645793011	295.0	295.0	0.0	0.0	0.0	0.0
7.53	0.9999971645168199	295.0	295.0	0.0	0.0	0.0	0.0
7.540000000000001	0.9999971644548246	295.0	295.0	0.0	0.0	0.0	0.0
7.549999999999999	0.9999971643933113	295.0	295.0	0.0	0.0	0.0	0.0
7.56	0.9999971643322757	295.0	295.0	0.0	0.0	0.0	0.0
7.569999999999999	0.999997164271715	295.0	295.0	0.0	0.0	0.0	0.0
7.579999999999999	0.9999971642116249	295.0	295.0	0.0	0.0	0.0	0.0
7.59	0.9999971641520021	295.0	295.0	0.0	0.0	0.0	0.0
7.6	0.9999971640928428	295.0	295.0	0.0	0.0	0.0	0.0
7.61	0.9999971640341432	295.0	295.0	0.0	0.0	0.0	0.0
7.62	0.9999971639758999	295.0	295.0	0.0	0.0	0.0	0.0
7.630000000000001	0.9999971639181096	295.0	295.0	0.0	0.0	0.0	0.0
7.640000000000001	0.9999971638607691	295.0	295.0	0.0	0.0	0.0	0.0
7.6499999999999995	0.9999971638038745	295.0	295.0	0.0	0.0	0.0	0.0
7.659999999999999	0.9999971637474213	295.0	295.0	0.0	0.0	0.0	0.0
7.669999999999999	0.9999971636914069	295.0	295.0	0.0	0.0	0.0	0.0
7.68	0.9999971636358285	295.0	295.0	0.0	0.0	0.0	0.0
7.6899999999999995	0.9999971635806815	295.0	295.0	0.0	0.0	0.0	0.0
7.7	0.9999971635259634	295.0	295.0	0.0	0.0	0.0	0.0
7.71	0.9999971634716709	295.0	295.0	0.0	0.0	0.0	0.0
7.720000000000001	0.9999971634178003	295.0	295.0	0.0	0.0	0.0	0.0
7.73	0.9999971633643484	295.0	295.0	0.0	0.0	0.0	0.0
7.74	0.9999971633113119	295.0	295.0	0.0	0.0	0.0	0.0
7.749999999999999	0.9999971632586877	295.0	295.0	0.0	0.0	0.0	0.0
7.759999999999999	0.9999971632064728	295.0	295.0	0.0	0.0	0.0	0.0
7.77	0.9999971631546635	295.0	295.0	0.0	0.0	0.0	0.0
7.779999999999999	0.9999971631032573	295.0	295.0	0.0	0.0	0.0	0.0
7.79	0.9999971630522506	295.0	295.0	0.0	0.0	0.0	0.0
7.8	0.9999971630016405	295.0	295.0	0.0	0.0	0.0	0.0
7.81	0.9999971629514238	295.0	295.0	0.0	0.0	0.0	0.0
7.82	0.9999971629015972	295.0	295.0	0.0	0.0	0.0	0.0
7.83	0.9999971628521583	295.0	295.0	0.0	0.0	0.0	0.0
7.840000000000001	0.9999971628031037	295.0	295.0	0.0	0.0	0.0	0.0
7.849999999999999	0.9999971627544301	295.0	295.0	0.0	0.0	0.0	0.0
7.859999999999999	0.9999971627061353	295.0	295.0	0.0	0.0	0.0	0.0
7.869999999999999	0.9999971626582157	295.0	295.0	0.0	0.0	0.0	0.0
7.88	0.9999971626106682	295.0	295.0	0.0	0.0	0.0	0.0
7.89	0.9999971625634911	295.0	295.0	0.0	0.0	0.0	0.0
7.8999999999999995	0.99999716251668	295.0	295.0	0.0	0.0	0.0	0.0
7.91	0.9999971624702333	295.0	295.0	0.0	0.0	0.0	0.0
7.92	0.9999971624241474	295.0	295.0	0.0	0.0	0.0	0.0
7.930000000000001	0.9999971623784196	295.0	295.0	0.0	0.0	0.0	0.0
7.94	0.9999971623330475	295.0	295.0	0.0	0.0	0.0	0.0
7.949999999999999	0.9999971622880276	295.0	295.0	0.0	0.0	0.0	0.0
7.959999999999999	0.9999971622433582	295.0	295.0	0.0	0.0	0.0	0.0
7.97	0.9999971621990361	295.0	295.0	0.0	0.0	0.0	0.0
7.9799999999999995	0.9999971621550587	295.0	295.0	0.0	0.0	0.0	0.0
7.989999999999999	0.999997162111423	295.0	295.0	0.0	0.0	0.0	0.0
8.0	0.9999971620681267	295.0	295.0	0.0	0.0	0.0	0.0
8.01	0.9999971620251666	295.0	295.0	0.0	0.0	0.0	0.0
8.02	0.9999971619825405	295.0	295.0	0.0	0.0	0.0	0.0
8.030000000000001	0.9999971619402458	295.0	295.0	0.0	0.0	0.0	0.0
8.040000000000001	0.9999971618982801	295.0	295.0	0.0	0.0	0.0	0.0
8.05	0.9999971618566407	295.0	295.0	0.0	0.0	0.0	0.0
8.059999999999999	0.9999971618153246	295.0	295.0	0.0	0.0	0.0	0.0
8.069999999999999	0.9999971617743296	295.0	295.0	0.0	0.0	0.0	0.0
8.08	0.9999971617336526	295.0	295.0	0.0	0.0	0.0	0.0
8.09	0.9999971616932928	295.0	295.0	0.0	0.0	0.0	0.0
8.1	0.9999971616532468	295.0	295.0	0.0	0.0	0.0	0.0
8.11	0.9999971616135118	295.0	295.0	0.0	0.0	0.0	0.0
8.120000000000001	0.9999971615740859	295.0	295.0	0.0	0.0	0.0	0.0
8.13	0.9999971615349663	295.0	295.0	0.0	0.0	0.0	0.0
8.14	0.9999971614961509	295.0	295.0	0.0	0.0	0.0	0.0
8.15	0.9999971614576373	295.0	295.0	0.0	0.0	0.0	0.0
8.159999999999998	0.999997161419423	295.0	295.0	0.0	0.0	0.0	0.0
8.17	0.9999971613815059	295.0	295.0	0.0	0.0	0.0	0.0
8.18	0.9999971613438835	295.0	295.0	0.0	0.0	0.0	0.0
8.19	0.9999971613065537	295.0	295.0	0.0	0.0	0.0	0.0
8.2	0.999997161269514	295.0	295.0	0.0	0.0	0.0	0.0
8.209999999999999	0.9999971612327623	295.0	295.0	0.0	0.0	0.0	0.0
8.22	0.9999971611962961	295.0	295.0	0.0	0.0	0.0	0.0
8.23	0.9999971611601137	295.0	295.0	0.0	0.0	0.0	0.0
8.24	0.9999971611242124	295.0	295.0	0.0	0.0	0.0	0.0
8.25	0.9999971610885907	295.0	295.0	0.0	0.0	0.0	0.0
8.26	0.9999971610532454	295.0	295.0	0.0	0.0	0.0	0.0
8.27	0.999997161018175	295.0	295.0	0.0	0.0	0.0	0.0
8.28	0.999997160983377	295.0	295.0	0.0	0.0	0.0	0.0
8.29	0.9999971609488495	295.0	295.0	0.0	0.0	0.0	0.0
8.299999999999999	0.9999971609145906	295.0	295.0	0.0	0.0	0.0	0.0
8.31	0.9999971608805981	295.0	295.0	0.0	0.0	0.0	0.0
8.32	0.9999971608468696	295.0	295.0	0.0	0.0	0.0	0.0
8.33	0.9999971608134035	295.0	295.0	0.0	0.0	0.0	0.0
8.34	0.9999971607801972	295.0	295.0	0.0	0.0	0.0	0.0
8.350000000000001	0.9999971607472492	295.0	295.0	0.0	0.0	0.0	0.0
8.36	0.9999971607145571	295.0	295.0	0.0	0.0	0.0	0.0
8.37	0.9999971606821194	295.0	295.0	0.0	0.0	0.0	0.0
8.379999999999999	0.9999971606499339	295.0	295.0	0.0	0.0	0.0	0.0
8.389999999999999	0.9999971606179986	295.0	295.0	0.0	0.0	0.0	0.0
8.4	0.9999971605863113	295.0	295.0	0.0	0.0	0.0	0.0
8.41	0.9999971605548708	295.0	295.0	0.0	0.0	0.0	0.0
8.42	0.9999971605236743	295.0	295.0	0.0	0.0	0.0	0.0
8.43	0.9999971604927208	295.0	295.0	0.0	0.0	0.0	0.0
8.44	0.9999971604620076	295.0	295.0	0.0	0.0	0.0	0.0
8.450000000000001	0.9999971604315332	295.0	295.0	0.0	0.0	0.0	0.0
8.459999999999999	0.9999971604012954	295.0	295.0	0.0	0.0	0.0	0.0
8.469999999999999	0.9999971603712929	295.0	295.0	0.0	0.0	0.0	0.0
8.479999999999999	0.9999971603415235	295.0	295.0	0.0	0.0	0.0	0.0
8.49	0.9999971603119856	295.0	295.0	0.0	0.0	0.0	0.0
8.5	0.9999971602826777	295.0	295.0	0.0	0.0	0.0	0.0
8.51	0.9999971602535971	295.0	295.0	0.0	0.0	0.0	0.0
8.52	0.9999971602247426	295.0	295.0	0.0	0.0	0.0	0.0
8.53	0.9999971601961118	295.0	295.0	0.0	0.0	0.0	0.0
8.540000000000001	0.9999971601677037	295.0	295.0	0.0	0.0	0.0	0.0
8.55	0.9999971601395171	295.0	295.0	0.0	0.0	0.0	0.0
8.559999999999999	0.9999971601115496	295.0	295.0	0.0	0.0	0.0	0.0
8.569999999999999	0.9999971600837991	295.0	295.0	0.0	0.0	0.0	0.0
8.58	0.9999971600562647	295.0	295.0	0.0	0.0	0.0	0.0
8.59	0.9999971600289445	295.0	295.0	0.0	0.0	0.0	0.0
8.6	0.9999971600018365	295.0	295.0	0.0	0.0	0.0	0.0
8.61	0.9999971599749394	295.0	295.0	0.0	0.0	0.0	0.0
8.62	0.9999971599482511	295.0	295.0	0.0	0.0	0.0	0.0
8.63	0.9999971599217703	295.0	295.0	0.0	0.0	0.0	0.0
8.64	0.9999971598954958	295.0	295.0	0.0	0.0	0.0	0.0
8.65	0.9999971598694253	295.0	295.0	0.0	0.0	0.0	0.0
8.659999999999998	0.9999971598435581	295.0	295.0	0.0	0.0	0.0	0.0
8.67	0.9999971598178912	295.0	295.0	0.0	0.0	0.0	0.0
8.68	0.9999971597924238	295.0	295.0	0.0	0.0	0.0	0.0
8.69	0.9999971597671544	295.0	295.0	0.0	0.0	0.0	0.0
8.7	0.9999971597420813	295.0	295.0	0.0	0.0	0.0	0.0
8.709999999999999	0.9999971597172034	295.0	295.0	0.0	0.0	0.0	0.0
8.72	0.9999971596925188	295.0	295.0	0.0	0.0	0.0	0.0
8.73	0.9999971596680257	295.0	295.0	0.0	0.0	0.0	0.0
8.74	0.9999971596437237	295.0	295.0	0.0	0.0	0.0	0.0
8.75	0.9999971596196101	295.0	295.0	0.0	0.0	0.0	0.0
8.76	0.9999971595956846	295.0	295.0	0.0	0.0	0.0	0.0
8.77	0.9999971595719441	295.0	295.0	0.0	0.0	0.0	0.0
8.78	0.9999971595483886	295.0	295.0	0.0	0.0	0.0	0.0
8.79	0.9999971595250166	295.0	295.0	0.0	0.0	0.0	0.0
8.799999999999999	0.999997159501826	295.0	295.0	0.0	0.0	0.0	0.0
8.81	0.9999971594788156	295.0	295.0	0.0	0.0	0.0	0.0
8.82	0.9999971594559839	295.0	295.0	0.0	0.0	0.0	0.0
8.83	0.99999715943333	295.0	295.0	0.0	0.0	0.0	0.0
8.84	0.9999971594108518	295.0	295.0	0.0	0.0	0.0	0.0
8.85	0.9999971593885486	295.0	295.0	0.0	0.0	0.0	0.0
8.860000000000001	0.999997159366419	295.0	295.0	0.0	0.0	0.0	0.0
8.87	0.9999971593444613	295.0	295.0	0.0	0.0	0.0	0.0
8.879999999999999	0.9999971593226742	295.0	295.0	0.0	0.0	0.0	0.0
8.889999999999999	0.9999971593010566	295.0	295.0	0.0	0.0	0.0	0.0
8.9	0.9999971592796071	295.0	295.0	0.0	0.0	0.0	0.0
8.91	0.9999971592583244	295.0	295.0	0.0	0.0	0.0	0.0
8.92	0.9999971592372069	295.0	295.0	0.0	0.0	0.0	0.0
8.93	0.9999971592162539	295.0	295.0	0.0	0.0	0.0	0.0
8.94	0.9999971591954634	295.0	295.0	0.0	0.0	0.0	0.0
8.950000000000001	0.9999971591748341	295.0	295.0	0.0	0.0	0.0	0.0
8.96	0.999997159154366	295.0	295.0	0.0	0.0	0.0	0.0
8.969999999999999	0.9999971591340571	295.0	295.0	0.0	0.0	0.0	0.0
8.979999999999999	0.9999971591139057	295.0	295.0	0.0	0.0	0.0	0.0
8.99	0.9999971590939111	295.0	295.0	0.0	0.0	0.0	0.0
9.0	0.9999971590740717	295.0	295.0	0.0	0.0	0.0	0.0
9.01	0.9999971590543868	295.0	295.0	0.0	0.0	0.0	0.0
9.02	0.9999971590348548	295.0	295.0	0.0	0.0	0.0	0.0
9.03	0.9999971590154746	295.0	295.0	0.0	0.0	0.0	0.0
9.040000000000001	0.9999971589962453	295.0	295.0	0.0	0.0	0.0	0.0
9.05	0.9999971589771647	295.0	295.0	0.0	0.0	0.0	0.0
9.06	0.9999971589582322	295.0	295.0	0.0	0.0	0.0	0.0
9.069999999999999	0.999997158939448	295.0	295.0	0.0	0.0	0.0	0.0
9.08	0.9999971589208093	295.0	295.0	2.84110128886e-313	2.84110128886e-313	0.0	0.0
9.09	0.9999971589023158	295.0	295.0	2.278189223410209e-306	2.278189223410209e-306	0.0	0.0
9.1	0.9999971588839655	295.0	295.0	1.5357446082094992e-299	1.5357446082094992e-299	0.0	0.0
9.11	0.9999971588657587	295.0	295.0	8.70368440908527e-293	8.70368440908527e-293	0.0	0.0
9.12	0.9999971588476928	295.0	295.0	4.147089448177951e-286	4.147089448177951e-286	0.0	0.0
9.13	0.9999971588297675	295.0	295.0	1.6612731407294547e-279	1.6612731407294547e-279	0.0	0.0
9.14	0.999997158811982	295.0	295.0	5.594964595450891e-273	5.594964595450891e-273	0.0	0.0
9.15	0.9999971587943345	295.0	295.0	1.584213208978458e-266	1.584213208978458e-266	0.0	0.0
9.16	0.9999971587768239	295.0	295.0	3.7713017474406835e-260	3.7713017474406835e-260	0.0	0.0
9.17	0.9999971587594496	295.0	295.0	7.547997112807122e-254	7.547997112807122e-254	0.0	0.0
9.18	0.9999971587422102	295.0	295.0	1.270095673150169e-247	1.270095673150169e-247	0.0	0.0
9.19	0.9999971587251049	295.0	295.0	1.7968298227143838e-241	1.7968298227143838e-241	0.0	0.0
9.2	0.9999971587081325	295.0	295.0	2.1371984242193704e-235	2.1371984242193704e-235	0.0	0.0
9.209999999999999	0.9999971586912922	295.0	295.0	2.1372325435620396e-229	2.1372325435620396e-229	0.0	0.0
9.22	0.9999971586745828	295.0	295.0	1.796922956117956e-223	1.796922956117956e-223	0.0	0.0
9.23	0.9999971586580031	295.0	295.0	1.2702220756434286e-217	1.2702220756434286e-217	0.0	0.0
9.24	0.9999971586415521	295.0	295.0	7.549257190160904e-212	7.549257190160904e-212	0.0	0.0
9.25	0.9999971586252295	295.0	295.0	3.7722899772005294e-206	3.7722899772005294e-206	0.0	0.0
9.26	0.9999971586090336	295.0	295.0	1.584835518053139e-200	1.584835518053139e-200	0.0	0.0
9.27	0.9999971585929633	295.0	295.0	5.598138954932365e-195	5.598138954932365e-195	0.0	0.0
9.28	0.9999971585770185	295.0	295.0	1.6625919184766699e-189	1.6625919184766699e-189	0.0	0.0
9.29	0.9999971585611978	295.0	295.0	4.151570512050875e-184	4.151570512050875e-184	0.0	0.0
9.299999999999999	0.9999971585454994	295.0	295.0	8.716181781806959e-179	8.716181781806959e-179	0.0	0.0
9.31	0.9999971585299232	295.0	295.0	1.538614043283564e-173	1.538614043283564e-173	0.0	0.0
9.32	0.9999971585144682	295.0	295.0	2.2836272055708523e-168	2.2836272055708523e-168	0.0	0.0
9.33	0.999997158499133	295.0	295.0	2.8498072779655426e-163	2.8498072779655426e-163	0.0	0.0
9.34	0.9999971584839176	295.0	295.0	2.9902212493814457e-158	2.9902212493814457e-158	0.0	0.0
9.35	0.99999715846882	295.0	295.0	2.638102181897819e-153	2.638102181897819e-153	0.0	0.0
9.360000000000001	0.9999971584538393	295.0	295.0	1.9569665514527548e-148	1.9569665514527548e-148	0.0	0.0
9.37	0.9999971584389756	295.0	295.0	1.2206239210491786e-143	1.2206239210491786e-143	0.0	0.0
9.379999999999999	0.9999971584242279	295.0	295.0	6.4016270729570685e-139	6.4016270729570685e-139	0.0	0.0
9.389999999999999	0.9999971584095945	295.0	295.0	2.8230097689794896e-134	2.8230097689794896e-134	0.0	0.0
9.4	0.9999971583950747	295.0	295.0	1.0467707422124663e-129	1.0467707422124663e-129	0.0	0.0
9.41	0.9999971583806679	295.0	295.0	3.2637118182220324e-125	3.2637118182220324e-125	0.0	0.0
9.42	0.9999971583663734	295.0	295.0	8.55651886910357e-121	8.55651886910357e-121	0.0	0.0
9.43	0.9999971583521897	295.0	295.0	1.8863042957259287e-116	1.8863042957259287e-116	0.0	0.0
9.44	0.9999971583381163	295.0	295.0	3.4967147413624293e-112	3.4967147413624293e-112	0.0	0.0
9.450000000000001	0.9999971583241523	295.0	295.0	5.450635985044155e-108	5.450635985044155e-108	0.0	0.0
9.46	0.9999971583102966	295.0	295.0	7.144595541471033e-104	7.144595541471033e-104	0.0	0.0
9.469999999999999	0.9999971582965482	295.0	295.0	7.875114133818817e-100	7.875114133818817e-100	0.0	0.0
9.479999999999999	0.9999971582829078	295.0	295.0	7.299453468692384e-96	7.299453468692384e-96	0.0	0.0
9.49	0.9999971582693734	295.0	295.0	5.68962926353137e-92	5.68962926353137e-92	0.0	0.0
9.5	0.9999971582559437	295.0	295.0	3.7294426120409146e-88	3.7294426120409146e-88	0.0	0.0
9.51	0.9999971582426181	295.0	295.0	2.055780739609683e-84	2.055780739609683e-84	0.0	0.0
9.52	0.9999971582293969	295.0	295.0	9.529926000936605e-81	9.529926000936605e-81	0.0	0.0
9.53	0.999997158216278	295.0	295.0	3.715262756147088e-77	3.715262756147088e-77	0.0	0.0
9.540000000000001	0.999997158203261	295.0	295.0	1.2181048607622374e-73	1.2181048607622374e-73	0.0	0.0
9.55	0.9999971581903451	295.0	295.0	3.3587936972350054e-70	3.3587936972350054e-70	0.0	0.0
9.56	0.9999971581775297	295.0	295.0	7.789228079564273e-67	7.789228079564273e-67	0.0	0.0
9.569999999999999	0.999997158164814	295.0	295.0	1.5192438197861778e-63	1.5192438197861778e-63	0.0	0.0
9.579999999999998	0.9999971581521974	295.0	295.0	2.492256213134584e-60	2.492256213134584e-60	0.0	0.0
9.59	0.9999971581396783	295.0	295.0	3.438752752544125e-57	3.438752752544125e-57	0.0	0.0
9.6	0.9999971581272571	295.0	295.0	3.9908367170549656e-54	3.9908367170549656e-54	0.0	0.0
9.61	0.9999971581149321	295.0	295.0	3.8957785811083946e-51	3.8957785811083946e-51	0.0	0.0
9.62	0.9999971581027026	295.0	295.0	3.198934692064499e-48	3.198934692064499e-48	0.0	0.0
9.63	0.999997158090569	295.0	295.0	2.2095907134376787e-45	2.2095907134376787e-45	0.0	0.0
9.64	0.9999971580785294	295.0	295.0	1.2838945701830261e-42	1.2838945701830261e-42	0.0	0.0
9.65	0.9999971580665832	295.0	295.0	6.2758845554394135e-40	6.2758845554394135e-40	0.0	0.0
9.66	0.9999971580547294	295.0	295.0	2.580875220005755e-37	2.580875220005755e-37	0.0	0.0
9.67	0.999997158042968	295.0	295.0	8.929467388339613e-35	8.929467388339613e-35	0.0	0.0
9.68	0.9999971580312984	295.0	295.0	2.5993955581484823e-32	2.5993955581484823e-32	0.0	0.0
9.69	0.9999971580197197	295.0	295.0	6.366946941896991e-30	6.366946941896991e-30	0.0	0.0
9.7	0.9999971580082309	295.0	295.0	1.312284919333931e-27	1.312284919333931e-27	0.0	0.0
9.709999999999999	0.9999971579968314	295.0	295.0	2.276101491984823e-25	2.276101491984823e-25	0.0	0.0
9.72	0.9999971579855204	295.0	295.0	3.322408816615733e-23	3.322408816615733e-23	0.0	0.0
9.73	0.9999971579742972	295.0	295.0	4.081756615441221e-21	4.081756615441221e-21	0.0	0.0
9.74	0.9999971579631614	295.0	295.0	4.22096792508644e-19	4.22096792508644e-19	0.0	0.0
9.75	0.9999971579521124	295.0	295.0	3.674434169087936e-17	3.674434169087936e-17	0.0	0.0
9.76	0.9999971579411496	295.0	295.0	2.6929593377695763e-15	2.6929593377695763e-15	0.0	0.0
9.770000000000001	0.9999971579302716	295.0	295.0	1.6618165992777769e-13	1.6618165992777769e-13	0.0	0.0
9.78	0.9999971579194779	295.0	295.0	8.635947041993889e-12	8.635947041993889e-12	0.0	0.0
9.79	0.9999971579087678	295.0	295.0	3.7798770976188974e-10	3.7798770976188974e-10	0.0	0.0
9.799999999999999	0.9999971578981417	295.0	295.0	1.3936779904761086e-08	1.3936779904761086e-08	0.0	0.0
9.809999999999999	0.9999971578875986	295.0000000000039	295.0	4.329632982880339e-07	4.2003516879654347e-07	1.2928129491490394e-08	0.0
9.82	0.9999971578771363	295.00000000011437	295.0	1.1335561488177456e-05	1.0786258001803362e-05	5.493034863740948e-07	0.0
9.83	0.9999971578667559	295.00000000252055	295.0000000000032	0.0002501801392898674	0.00023713405321504463	1.3046086074822664e-05	0.0
9.84	0.9999971578564512	295.0000000467678	295.0000000000735	0.004656002400607161	0.004399598881699362	0.0002564035189078001	0.0
9.85	0.9999971578461478	295.00000073169645	295.0000000012313	0.07309354042750892	0.0688330784590711	0.004260461968437811	0.0
9.860000000000001	0.999997157834896	295.00000965658165	295.0000000173297	0.9683497187112969	0.908426027237758	0.05992369147353847	0.0
9.870000000000001	0.999997157811773	295.00010754904974	295.00000020649827	10.83149583700137	10.117490501718253	0.7140053352831128	0.0
9.879999999999999	0.999997157672007	295.00101133788587	295.0000020863865	102.35405665984665	95.140026224272	7.214030435574646	0.0
9.889999999999999	0.9999971565708028	295.0080342745435	295.0000178950093	817.6970559604293	755.8220888814352	61.87496707899405	0.0
9.899999999999999	0.9999971487895214	295.05395641990543	295.000130466851	5527.497827639243	5076.387025347117	451.11080229212536	0.0
9.91	0.9999971018471494	295.3065008328569	295.00080973236317	31650.44629402741	28850.6617077716	2799.784586255813	0.0
9.92	0.9999968607018848	296.4723838778113	295.0042841568867	153720.19174207913	138906.99200764135	14813.199734437881	0.0
9.93	0.9999957968162532	300.9666116660934	295.0193357243124	634341.1431724303	567484.3328077269	66856.81036470362	0.0
9.94	0.9999916687191104	315.2307852791227	295.07434179146196	2229044.847354303	1971990.814437323	257054.03291698024	0.0
9.950000000000001	0.9999769681886039	351.56191880614193	295.24243195313505	6688751.184054683	5850449.837401243	838301.3466534417	0.0
9.96	0.999927679641338	424.1430993065179	295.6670749747096	17198563.192330897	14891642.511998586	2306920.6803323072	0.0
9.97	0.9997794050666069	538.6935659995306	296.5536808533498	38064425.58052716	32690157.352429554	5374268.228097588	0.0
9.979999999999999	0.9994101236061746	686.3711439761114	298.1113051831825	72962369.7094125	62195864.114633955	10766505.59477856	0.0
9.989999999999998	0.9986680282701422	846.564606580789	300.4812381139036	122134797.49650508	103155790.42337638	18979007.073128697	0.0
10.0	0.9974362774909146	995.0064057956994	303.69429610523673	180513488.51637655	150384988.90732116	30128499.609055385	0.0
