   1.6970365e-04
   4.2328167e-04
   4.6032122e-04
   3.0358765e-04
   6.0407675e-06
  -3.5177626e-04
  -6.5442709e-04
  -7.7590758e-04
  -6.4395172e-04
  -3.0156215e-04
   9.4343080e-05
   3.5747555e-04
   3.9150300e-04
   2.5646861e-04
   1.2366019e-04
   1.4123941e-04
   3.0383534e-04
   4.2198179e-04
   2.1615031e-04
  -5.3090300e-04
  -1.8696238e-03
  -3.6911487e-03
  -5.8221484e-03
  -8.1188949e-03
  -1.0484507e-02
  -1.2808293e-02
  -1.4899530e-02
  -1.6497508e-02
  -1.7376543e-02
  -1.7480799e-02
  -1.6988449e-02
  -1.6247933e-02
  -1.5617970e-02
  -1.5309192e-02
  -1.5320400e-02
  -1.5494192e-02
  -1.5639435e-02
  -1.5636896e-02
  -1.5473715e-02
  -1.5210219e-02
  -1.4922194e-02
  -1.4660140e-02
  -1.4438289e-02
  -1.4241746e-02
  -1.4038139e-02
  -1.3792427e-02
  -1.3488824e-02
  -1.3153259e-02
  -1.2856276e-02
  -1.2680480e-02
  -1.2663049e-02
  -1.2752205e-02
  -1.2818026e-02
  -1.2723636e-02
  -1.2415344e-02
  -1.1968459e-02
  -1.1550927e-02
  -1.1323824e-02
  -1.1343630e-02
  -1.1530604e-02
  -1.1721159e-02
  -1.1765454e-02
  -1.1606123e-02
  -1.1294771e-02
  -1.0948617e-02
  -1.0684346e-02
  -1.0568537e-02
  -1.0601753e-02
  -1.0730377e-02
  -1.0872993e-02
  -1.0952842e-02
  -1.0930258e-02
  -1.0822934e-02
  -1.0697593e-02
  -1.0628159e-02
  -1.0641496e-02
  -1.0690711e-02
  -1.0684507e-02
  -1.0559479e-02
  -1.0341571e-02
  -1.0141376e-02
  -1.0075701e-02
  -1.0171034e-02
  -1.0329175e-02
  -1.0393267e-02
  -1.0271096e-02
  -1.0017900e-02
  -9.8038440e-03
  -9.7811395e-03
  -9.9523540e-03
  -1.0150609e-02
  -1.0159018e-02
  -9.8833232e-03
  -9.4409173e-03
  -9.0881462e-03
  -9.0342013e-03
  -9.2837911e-03
  -9.6335023e-03
  -9.8279156e-03
  -9.7543118e-03
  -9.5221609e-03
  -9.3640199e-03
  -9.4370215e-03
  -9.6845770e-03
  -9.8710358e-03
  -9.7648569e-03
  -9.3278316e-03
  -8.7625959e-03
  -8.3809101e-03
  -8.3923144e-03
  -8.7693757e-03
  -9.2813596e-03
  -9.6586253e-03
  -9.7587927e-03
  -9.6195800e-03
  -9.3819481e-03
  -9.1658291e-03
  -9.0022065e-03
  -8.8615536e-03
  -8.7311539e-03
  -8.6575996e-03
  -8.7113887e-03
  -8.9069198e-03
  -9.1548694e-03
  -9.2984016e-03
  -9.2139020e-03
  -8.9017075e-03
  -8.4975906e-03
  -8.1949364e-03
  -8.1316537e-03
  -8.3162355e-03
  -8.6338842e-03
  -8.9177113e-03
  -9.0344852e-03
  -8.9387403e-03
  -8.6793646e-03
  -8.3703849e-03
  -8.1457785e-03
  -8.1120731e-03
  -8.3076256e-03
  -8.6803392e-03
  -9.0979292e-03
  -9.3952470e-03
  -9.4424919e-03
  -9.2017309e-03
  -8.7427207e-03
  -8.2123859e-03
  -7.7778988e-03
  -7.5718900e-03
  -7.6567916e-03
  -8.0088317e-03
  -8.5179671e-03
  -9.0088727e-03
  -9.2930791e-03
  -9.2474208e-03
  -8.8847477e-03
  -8.3669690e-03
  -7.9331909e-03
  -7.7716053e-03
  -7.9130146e-03
