  -5.1672936e-04
   8.1867781e-06
   3.6617544e-04
   4.7470678e-04
   3.4617288e-04
   7.8453638e-05
  -1.8038344e-04
  -2.9667108e-04
  -2.2198498e-04
  -2.5728673e-05
   1.4408012e-04
   1.5988959e-04
   1.2085704e-05
  -1.6896480e-04
  -1.9752170e-04
   1.8233096e-05
   3.5612917e-04
   4.7320190e-04
  -7.2321115e-05
  -1.6350530e-03
  -4.3336383e-03
  -8.0096710e-03
  -1.2293898e-02
  -1.6721373e-02
  -2.0830609e-02
  -2.4221114e-02
  -2.6588320e-02
  -2.7765504e-02
  -2.7773712e-02
  -2.6844521e-02
  -2.5375082e-02
  -2.3811223e-02
  -2.2505187e-02
  -2.1618086e-02
  -2.1112665e-02
  -2.0827208e-02
  -2.0577529e-02
  -2.0231073e-02
  -1.9730769e-02
  -1.9084282e-02
  -1.8346540e-02
  -1.7606807e-02
  -1.6969920e-02
  -1.6520055e-02
  -1.6276841e-02
  -1.6174532e-02
  -1.6089710e-02
  -1.5909476e-02
  -1.5596812e-02
  -1.5205370e-02
  -1.4830928e-02
  -1.4535656e-02
  -1.4304032e-02
  -1.4065231e-02
  -1.3763865e-02
  -1.3421304e-02
  -1.3136014e-02
  -1.3018685e-02
  -1.3108845e-02
  -1.3334362e-02
  -1.3543585e-02
  -1.3588087e-02
  -1.3401507e-02
  -1.3027985e-02
  -1.2590769e-02
  -1.2227399e-02
  -1.2029208e-02
  -1.2010108e-02
  -1.2109758e-02
  -1.2224297e-02
  -1.2254054e-02
  -1.2153450e-02
  -1.1960881e-02
  -1.1785677e-02
  -1.1747071e-02
  -1.1893155e-02
  -1.2152438e-02
  -1.2360620e-02
  -1.2357618e-02
  -1.2095344e-02
  -1.1679249e-02
  -1.1307197e-02
  -1.1143008e-02
  -1.1213286e-02
  -1.1401890e-02
  -1.1543639e-02
  -1.1543210e-02
  -1.1427344e-02
  -1.1294224e-02
  -1.1208771e-02
  -1.1136820e-02
  -1.0977326e-02
  -1.0667058e-02
  -1.0267303e-02
  -9.9524039e-03
  -9.8988801e-03
  -1.0156995e-02
  -1.0604800e-02
  -1.1021858e-02
  -1.1226860e-02
  -1.1175921e-02
  -1.0954055e-02
  -1.0679899e-02
  -1.0410178e-02
  -1.0122039e-02
  -9.7787945e-03
  -9.4113728e-03
  -9.1360316e-03
  -9.0866024e-03
  -9.3152616e-03
  -9.7441279e-03
  -1.0207634e-02
  -1.0550518e-02
  -1.0703443e-02
  -1.0683201e-02
  -1.0533005e-02
  -1.0268989e-02
  -9.8870752e-03
  -9.4213762e-03
  -8.9889649e-03
  -8.7591011e-03
  -8.8491591e-03
  -9.2211962e-03
  -9.6688548e-03
  -9.9248083e-03
  -9.8272140e-03
  -9.4315245e-03
  -8.9847190e-03
  -8.7723588e-03
  -8.9369836e-03
  -9.3859973e-03
  -9.8465269e-03
  -1.0029054e-02
  -9.7967130e-03
  -9.2416329e-03
  -8.6322562e-03
  -8.2704494e-03
  -8.3396800e-03
  -8.8194406e-03
  -9.5003026e-03
  -1.0085163e-02
  -1.0326694e-02
  -1.0138523e-02
  -9.6300236e-03
  -9.0483258e-03
  -8.6553480e-03
  -8.6022103e-03
  -8.8668782e-03
  -9.2860348e-03
  -9.6567751e-03
  -9.8430567e-03
  -9.8244435e-03
  -9.6690001e-03
  -9.4652489e-03
  -9.2700463e-03
  -9.1052971e-03
  -8.9892498e-03
  -8.9589146e-03
  -9.0534402e-03
  -9.2706882e-03
