   8.5613667e-04
   8.3837655e-04
   5.5446700e-04
   1.3246853e-04
  -3.3409135e-04
  -7.8200615e-04
  -1.1284707e-03
  -1.2551441e-03
  -1.0659185e-03
  -5.7739562e-04
   4.4606045e-05
   5.5506150e-04
   7.7092030e-04
   6.8190201e-04
   4.4484207e-04
   2.6424572e-04
   2.5154150e-04
   3.7076169e-04
   5.0462173e-04
   5.7324695e-04
   5.9439070e-04
   6.2737354e-04
   6.4960155e-04
   4.8358343e-04
  -1.3840456e-04
  -1.3954715e-03
  -3.2107396e-03
  -5.2295125e-03
  -6.9793726e-03
  -8.1170769e-03
  -8.6018168e-03
  -8.6846431e-03
  -8.7307520e-03
  -9.0002980e-03
  -9.5281347e-03
  -1.0161175e-02
  -1.0701340e-02
  -1.1042718e-02
  -1.1216661e-02
  -1.1336157e-02
  -1.1497849e-02
  -1.1713472e-02
  -1.1906659e-02
  -1.1963437e-02
  -1.1799436e-02
  -1.1410322e-02
  -1.0887938e-02
  -1.0397042e-02
  -1.0115741e-02
  -1.0155590e-02
  -1.0495171e-02
  -1.0968754e-02
  -1.1332021e-02
  -1.1382041e-02
  -1.1066822e-02
  -1.0515615e-02
  -9.9658402e-03
  -9.6289636e-03
  -9.5784145e-03
  -9.7268461e-03
  -9.8987337e-03
  -9.9428215e-03
  -9.8107394e-03
  -9.5615557e-03
  -9.3064641e-03
  -9.1412935e-03
  -9.1078660e-03
  -9.1933980e-03
  -9.3509967e-03
  -9.5216889e-03
  -9.6516289e-03
  -9.7070654e-03
  -9.6849864e-03
  -9.6095083e-03
  -9.5092460e-03
  -9.3898365e-03
  -9.2289849e-03
  -9.0083942e-03
  -8.7613400e-03
  -8.5877987e-03
  -8.6035033e-03
  -8.8442041e-03
  -9.1990596e-03
  -9.4450646e-03
  -9.3846432e-03
  -8.9985531e-03
  -8.4925893e-03
  -8.1803436e-03
  -8.2680547e-03
  -8.6959373e-03
  -9.1643980e-03
  -9.3407107e-03
  -9.0995879e-03
  -8.6145313e-03
  -8.2238885e-03
  -8.1695225e-03
  -8.4105874e-03
  -8.6622046e-03
  -8.6339730e-03
  -8.2817639e-03
  -7.8684005e-03
  -7.7739850e-03
  -8.1941439e-03
  -8.9589761e-03
  -9.6200329e-03
  -9.7509194e-03
  -9.2442904e-03
  -8.3891602e-03
  -7.6752177e-03
  -7.4693673e-03
  -7.7946236e-03
  -8.3550848e-03
  -8.7667325e-03
  -8.8141421e-03
  -8.5559586e-03
  -8.2308912e-03
  -8.0626691e-03
  -8.1173377e-03
  -8.3017311e-03
  -8.4733429e-03
  -8.5560982e-03
  -8.5736182e-03
  -8.5926433e-03
  -8.6408840e-03
  -8.6719950e-03
  -8.6005901e-03
  -8.3718905e-03
  -8.0104622e-03
  -7.6175139e-03
  -7.3263238e-03
  -7.2464736e-03
  -7.4212415e-03
  -7.8063692e-03
  -8.2722575e-03
  -8.6358477e-03
  -8.7264730e-03
  -8.4703204e-03
  -7.9518769e-03
  -7.4047056e-03
  -7.1149486e-03
  -7.2755154e-03
  -7.8691646e-03
  -8.6519711e-03
  -9.2549602e-03
  -9.3551359e-03
  -8.8300934e-03
  -7.8225614e-03
  -6.6889193e-03
  -5.8577453e-03
  -5.6568081e-03
  -6.1746067e-03
  -7.2114908e-03
  -8.3487453e-03
  -9.1209094e-03
  -9.2247953e-03
  -8.6641984e-03
  -7.7446881e-03
  -6.9074672e-03
  -6.4897703e-03
  -6.5553410e-03
