# time of execution: 2020-10-20 13:24:55
### simulation parameters ###
# timestep dt=1e-16[s]
# initial temperature:295.0[K]
# initial magnetization [x,y,z]:[0, 0, 1.0]
### sample paramters ###
# S=1.5
# mu_at=0.616[mu_B]
# nx=1	ny=1	nz=1
# dx=2.5071e-10	dy=2.5071e-10	dz=4.0695e-10	[m]
# asf=0.033
# gep, cv_el, cv_ph: DFT-interpolation
# Tc=1423[K]
# T_Deb=460[K]
### pulse paramters ###
# peak power:6e+21[W/m^3]
# sigma=2.4e-14[s]
# delay=1e-11[s]
#############################
# time [ps]	magnetization	T_e [K]	T_p [K]
0.0	1.0	295.0	295.0
0.01	0.9652165431322687	295.0	295.0
0.02	0.9311540346285705	295.0	295.0
0.03	0.8978981716863128	295.0	295.0
0.04	0.8655149677783888	295.0	295.0
0.05	0.834053122889291	295.0	295.0
0.06	0.8035463396388042	295.0	295.0
0.07	0.7740155083021972	295.0	295.0
0.08	0.7454707153120586	295.0	295.0
0.09	0.7179130527931846	295.0	295.0
0.1	0.6913362227864047	295.0	295.0
0.11	0.6657279406231278	295.0	295.0
0.12	0.6410711487436749	295.0	295.0
0.13	0.6173450561852861	295.0	295.0
0.14	0.5945260208468874	295.0	295.0
0.15	0.572588292115374	295.0	295.0
0.16	0.5515046309959053	295.0	295.0
0.17	0.5312468238789139	295.0	295.0
0.18	0.5117861047495708	295.0	295.0
0.19	0.49309349917457035	295.0	295.0
0.2	0.47514010190222256	295.0	295.0
0.21	0.45789729845928534	295.0	295.0
0.22	0.44133693976661875	295.0	295.0
0.22999999999999998	0.4254314775497636	295.0	295.0
0.24	0.4101540672002933	295.0	295.0
0.25	0.3954786437504187	295.0	295.0
0.26	0.38137997575222443	295.0	295.0
0.27	0.36783370109611807	295.0	295.0
0.28	0.3548163481507347	295.0	295.0
0.29	0.342305345048183	295.0	295.0
0.3	0.3302790194635337	295.0	295.0
0.31	0.3187165908356853	295.0	295.0
0.32	0.30759815663865486	295.0	295.0
0.33	0.29690467402917675	295.0	295.0
0.34	0.2866179379603699	295.0	295.0
0.35	0.2767205566550338	295.0	295.0
0.36	0.2671959251697041	295.0	295.0
0.37	0.25802819764642904	295.0	295.0
0.38	0.2492022587386374	295.0	295.0
0.39	0.2407036946064355	295.0	295.0
0.4	0.232518763801713	295.0	295.0
0.41	0.22463436830174255	295.0	295.0
0.42	0.217038024899052	295.0	295.0
0.43	0.2097178371132836	295.0	295.0
0.44	0.2026624677558956	295.0	295.0
0.45	0.19586111224955735	295.0	295.0
0.45999999999999996	0.18930347277991863	295.0	295.0
0.47000000000000003	0.18297973333717552	295.0	295.0
0.48	0.17688053568788917	295.0	295.0
0.49000000000000005	0.17099695630322898	295.0	295.0
0.5	0.16532048425782014	295.0	295.0
0.5099999999999999	0.15984300010330368	295.0	295.0
0.52	0.15455675571228503	295.0	295.0
0.5299999999999999	0.14945435508132524	295.0	295.0
0.54	0.1445287360758462	295.0	295.0
0.5499999999999999	0.1397731530950809	295.0	295.0
0.56	0.1351811606314144	295.0	295.0
0.57	0.13074659769547067	295.0	295.0
0.58	0.12646357307603498	295.0	295.0
0.59	0.1223264514022545	295.0	295.0
0.6	0.11832983997444728	295.0	295.0
0.61	0.11446857632921459	295.0	295.0
0.62	0.1107377165043063	295.0	295.0
0.6299999999999999	0.10713252396879525	295.0	295.0
0.64	0.10364845918449501	295.0	295.0
0.6499999999999999	0.10028116976518615	295.0	295.0
0.66	0.09702648120103197	295.0	295.0
0.6699999999999999	0.09388038811653047	295.0	295.0
0.68	0.09083904603145276	295.0	295.0
0.69	0.08789876359538444	295.0	295.0
0.7	0.08505599526774328	295.0	295.0
0.71	0.0823073344164235	295.0	295.0
0.72	0.07964950680952347	295.0	295.0
0.73	0.07707936447592816	295.0	295.0
0.74	0.07459387991180311	295.0	295.0
0.7499999999999999	0.07219014061135483	295.0	295.0
0.76	0.06986534390144938	295.0	295.0
0.7699999999999999	0.06761679206089077	295.0	295.0
0.78	0.06544188770633974	295.0	295.0
0.7899999999999999	0.06333812942797001	295.0	295.0
0.8	0.06130310765902928	295.0	295.0
0.8099999999999999	0.05933450076450512	295.0	295.0
0.82	0.057430071335046594	295.0	295.0
0.83	0.05558766267323264	295.0	295.0
0.84	0.05380519546012367	295.0	295.0
0.85	0.05208066459085714	295.0	295.0
0.86	0.05041213616881013	295.0	295.0
0.87	0.0487977446485656	295.0	295.0
0.88	0.04723569011860048	295.0	295.0
0.8899999999999999	0.04572423571521811	295.0	295.0
0.9	0.04426170515985502	295.0	295.0
0.9099999999999999	0.04284648041242071	295.0	295.0
0.9199999999999999	0.04147699943384139	295.0	295.0
0.93	0.04015175405144681	295.0	295.0
0.9400000000000001	0.038869287921276675	295.0	295.0
0.95	0.037628194581792306	295.0	295.0
0.96	0.0364271155938477	295.0	295.0
0.9699999999999999	0.035264738762132465	295.0	295.0
0.9800000000000001	0.0341397964336145	295.0	295.0
0.99	0.033051063868812625	295.0	295.0
1.0	0.03199735768201103	295.0	295.0
1.01	0.03097753434677571	295.0	295.0
1.0199999999999998	0.02999048876337762	295.0	295.0
1.03	0.029035152884945365	295.0	295.0
1.04	0.028110494399374703	295.0	295.0
1.05	0.0272155154642089	295.0	295.0
1.0599999999999998	0.02634925149188298	295.0	295.0
1.0699999999999998	0.0255107699828833	295.0	295.0
1.08	0.024699169404524546	295.0	295.0
1.09	0.023913578113189577	295.0	295.0
1.0999999999999999	0.02315315331800094	295.0	295.0
1.1099999999999999	0.022417080084016733	295.0	295.0
1.12	0.021704570373154358	295.0	295.0
1.1300000000000001	0.021014862121146893	295.0	295.0
1.14	0.020347218348934975	295.0	295.0
1.15	0.01970092630698868	295.0	295.0
1.16	0.019075296651129652	295.0	295.0
1.1700000000000002	0.01846966264850965	295.0	295.0
1.18	0.017883379412470018	295.0	295.0
1.19	0.017315823165073924	295.0	295.0
1.2	0.01676639052616354	295.0	295.0
1.21	0.016234497827863164	295.0	295.0
1.22	0.015719580453488608	295.0	295.0
1.23	0.01522109219989006	295.0	295.0
1.24	0.014738504662293575	295.0	295.0
1.25	0.014271306640754785	295.0	295.0
1.2599999999999998	0.013819003567382008	295.0	295.0
1.27	0.013381116953524915	295.0	295.0
1.28	0.012957183856159257	295.0	295.0
1.29	0.012546756362740238	295.0	295.0
1.2999999999999998	0.012149401093821713	295.0	295.0
1.31	0.011764698722778336	295.0	295.0
1.32	0.011392243511988606	295.0	295.0
1.33	0.011031642864873311	295.0	295.0
1.3399999999999999	0.010682516893200766	295.0	295.0
1.3499999999999999	0.010344497999106453	295.0	295.0
1.36	0.010017230471285185	295.0	295.0
1.37	0.009700370094847291	295.0	295.0
1.38	0.009393583774345848	295.0	295.0
1.39	0.009096549169503606	295.0	295.0
1.4	0.008808954343185404	295.0	295.0
1.4100000000000001	0.008530497421184577	295.0	295.0
1.42	0.008260886263402748	295.0	295.0
1.43	0.007999838146025747	295.0	295.0
1.44	0.0077470794543058235	295.0	295.0
1.45	0.007502345385584326	295.0	295.0
1.46	0.0072653796621969064	295.0	295.0
1.47	0.00703593425391739	295.0	295.0
1.48	0.006813769109612326	295.0	295.0
1.49	0.006598651897789409	295.0	295.0
1.4999999999999998	0.006390357755731564	295.0	295.0
1.51	0.006188669046925499	295.0	295.0
1.52	0.005993375126500296	295.0	295.0
1.53	0.005804272114402413	295.0	295.0
1.5399999999999998	0.005621162676044807	295.0	295.0
1.55	0.005443855810178477	295.0	295.0
1.56	0.005272166643735532	295.0	295.0
1.57	0.005105916233417644	295.0	295.0
1.5799999999999998	0.004944931373795702	295.0	295.0
1.5899999999999999	0.004789044411702729	295.0	295.0
1.6	0.004638093066711961	295.0	295.0
1.61	0.0044919202574918255	295.0	295.0
1.6199999999999999	0.004350373933842226	295.0	295.0
1.63	0.004213306914226352	295.0	295.0
1.64	0.004080576728607658	295.0	295.0
1.6500000000000001	0.003952045466421546	295.0	295.0
1.66	0.0038275796295060838	295.0	295.0
1.67	0.003707049989830032	295.0	295.0
1.68	0.003590331451857979	295.0	295.0
1.69	0.003477302919398443	295.0	295.0
1.7	0.0033678471667862864	295.0	295.0
1.71	0.0032618507142574416	295.0	295.0
1.72	0.0031592037073749544	295.0	295.0
1.73	0.003059799800377294	295.0	295.0
1.74	0.0029635360433113433	295.0	295.0
1.75	0.002870312772834449	295.0	295.0
1.76	0.0027800335065584956	295.0	295.0
1.77	0.0026926048408231207	295.0	295.0
1.7799999999999998	0.00260793635178184	295.0	295.0
1.79	0.002525940499694975	295.0	295.0
1.8	0.0024465325363244306	295.0	295.0
1.81	0.002369630415325674	295.0	295.0
1.8199999999999998	0.0022951547055409804	295.0	295.0
1.83	0.0022230285070998037	295.0	295.0
1.8399999999999999	0.002153177370231426	295.0	295.0
1.85	0.002085529216702501	295.0	295.0
1.86	0.002020014263795611	295.0	295.0
1.8699999999999999	0.0019565649507417384	295.0	295.0
1.8800000000000001	0.0018951158675319935	295.0	295.0
1.89	0.0018356036860235347	295.0	295.0
1.9	0.0017779670932745277	295.0	295.0
1.9100000000000001	0.0017221467270248647	295.0	295.0
1.92	0.0016680851132601833	295.0	295.0
1.9300000000000002	0.0016157266057913084	295.0	295.0
1.9399999999999997	0.0015650173277767705	295.0	295.0
1.95	0.0015159051151323322	295.0	295.0
1.9600000000000002	0.0014683394617646488	295.0	295.0
1.97	0.0014222714665651874	295.0	295.0
1.98	0.0013776537821134822	295.0	295.0
1.9899999999999998	0.0013344405650309588	295.0	295.0
2.0	0.0012925874279301845	295.0	295.0
2.0100000000000002	0.0012520513929126231	295.0	295.0
2.02	0.0012127908465590087	295.0	295.0
2.0300000000000002	0.001174765496368228	295.0	295.0
2.0399999999999996	0.0011379363285961193	295.0	295.0
2.05	0.0011022655674485238	295.0	295.0
2.06	0.0010677166355848773	295.0	295.0
2.07	0.0010342541158913827	295.0	295.0
2.08	0.0010018437144790893	295.0	295.0
2.09	0.0009704522248723535	295.0	295.0
2.1	0.0009400474933436801	295.0	295.0
2.11	0.000910598385363226	295.0	295.0
2.1199999999999997	0.00088207475312115	295.0	295.0
2.13	0.0008544474040953117	295.0	295.0
2.1399999999999997	0.0008276880706232781	295.0	295.0
2.15	0.000801769380449624	295.0	295.0
2.16	0.0007766648282188834	295.0	295.0
2.17	0.000752348747880253	295.0	295.0
2.18	0.0007287962859754046	295.0	295.0
2.19	0.0007059833757834996	295.0	295.0
2.1999999999999997	0.0006838867122912854	295.0	295.0
2.21	0.0006624837279665489	295.0	295.0
2.2199999999999998	0.0006417525693046174	295.0	295.0
2.23	0.0006216720741265188	295.0	295.0
2.24	0.0006022217496025606	295.0	295.0
2.25	0.0005833817509781625	295.0	295.0
2.2600000000000002	0.0005651328609800332	295.0	295.0
2.27	0.0005474564698813763	295.0	295.0
2.28	0.0005303345562016984	295.0	295.0
2.29	0.0005137496680256426	295.0	295.0
2.3	0.0004976849049167139	295.0	295.0
2.31	0.00048212390040980324	295.0	295.0
2.32	0.0004670508050608942	295.0	295.0
2.33	0.0004524502700394099	295.0	295.0
2.3400000000000003	0.0004383074312431419	295.0	295.0
2.35	0.0004246078939202924	295.0	295.0
2.36	0.00041133771778167905	295.0	295.0
2.3699999999999997	0.00039848340258856013	295.0	295.0
2.38	0.00038603187419901835	295.0	295.0
2.39	0.0003739704710587673	295.0	295.0
2.4	0.0003622869311236121	295.0	295.0
2.41	0.00035096937919868826	295.0	295.0
2.42	0.00034000631467897186	295.0	295.0
2.43	0.0003293865996837712	295.0	295.0
2.44	0.0003190994475648819	295.0	295.0
2.4499999999999997	0.00030913441178433604	295.0	295.0
2.46	0.0002994813751434622	295.0	295.0
2.4699999999999998	0.00029013053935707706	295.0	295.0
2.48	0.0002810724149568215	295.0	295.0
2.49	0.00027229781151731175	295.0	295.0
2.5	0.00026379782819418995	295.0	295.0
2.51	0.0002555638445604173	295.0	295.0
2.5199999999999996	0.00024758751173525884	295.0	295.0
2.53	0.00023986074379596842	295.0	295.0
2.54	0.00023237570946221808	295.0	295.0
2.55	0.00022512482404191125	295.0	295.0
2.56	0.00021810074163815715	295.0	295.0
2.57	0.00021129634760001328	295.0	295.0
2.58	0.00020470475121229606	295.0	295.0
2.59	0.00019831927862079546	295.0	295.0
2.5999999999999996	0.00019213346598005257	295.0	295.0
2.61	0.00018614105281885193	295.0	295.0
2.62	0.00018033597561591583	295.0	295.0
2.63	0.0001747123615807311	295.0	295.0
2.64	0.0001692645226303302	295.0	295.0
2.65	0.0001639869495581777	295.0	295.0
2.66	0.00015887430638672484	295.0	295.0
2.67	0.0001539214249005975	295.0	295.0
2.6799999999999997	0.00014912329935135027	295.0	295.0
2.69	0.00014447508133201095	295.0	295.0
2.6999999999999997	0.00013997207481294036	295.0	295.0
2.71	0.00013560973133334522	295.0	295.0
2.72	0.0001313836453504432	295.0	295.0
2.73	0.00012728954972888543	295.0	295.0
2.74	0.00012332331137872762	295.0	295.0
2.75	0.00011948092702810757	295.0	295.0
2.76	0.00011575851913166642	295.0	295.0
2.77	0.00011215233190805159	295.0	295.0
2.78	0.00010865872750224585	295.0	295.0
2.79	0.00010527418226946583	295.0	295.0
2.8	0.00010199528317759536	295.0	295.0
2.81	9.88187243225654e-05	295.0	295.0
2.8200000000000003	9.574130355323913e-05	295.0	295.0
2.83	9.275991920509874e-05	295.0	295.0
2.84	8.987156693588776e-05	295.0	295.0
2.8499999999999996	8.707333666006327e-05	295.0	295.0
2.86	8.436240958394532e-05	295.0	295.0
2.87	8.173605532986923e-05	295.0	295.0
2.88	7.919162915507687e-05	295.0	295.0
2.89	7.672656925568806e-05	295.0	295.0
2.9	7.433839415841674e-05	295.0	295.0
2.9099999999999997	7.202470019259295e-05	295.0	295.0
2.92	6.97831590418992e-05	295.0	295.0
2.9299999999999997	6.761151537644967e-05	295.0	295.0
2.94	6.550758455581285e-05	295.0	295.0
2.9499999999999997	6.346925040601192e-05	295.0	295.0
2.96	6.149446306843072e-05	295.0	295.0
2.97	5.9581236913519575e-05	295.0	295.0
2.98	5.772764852252088e-05	295.0	295.0
2.9899999999999998	5.593183473247739e-05	295.0	295.0
2.9999999999999996	5.419199074245077e-05	295.0	295.0
3.01	5.2506368278730044e-05	295.0	295.0
3.02	5.087327382076919e-05	295.0	295.0
3.03	4.92910668795273e-05	295.0	295.0
3.04	4.77581583324301e-05	295.0	295.0
3.0500000000000003	4.6273008809993854e-05	295.0	295.0
3.06	4.483412713318646e-05	295.0	295.0
3.07	4.344006880071157e-05	295.0	295.0
3.0799999999999996	4.2089434523292134e-05	295.0	295.0
3.09	4.0780868803843205e-05	295.0	295.0
3.1	3.951305856371897e-05	295.0	295.0
3.11	3.828473181081519e-05	295.0	295.0
3.12	3.709465635082232e-05	295.0	295.0
3.13	3.5941638537595466e-05	295.0	295.0
3.14	3.4824522063899486e-05	295.0	295.0
3.15	3.374218679067879e-05	295.0	295.0
3.1599999999999997	3.269354761166928e-05	295.0	295.0
3.17	3.167755335549879e-05	295.0	295.0
3.1799999999999997	3.0693185720539105e-05	295.0	295.0
3.19	2.9739458245063115e-05	295.0	295.0
3.2	2.8815415307785013e-05	295.0	295.0
3.21	2.792013116266941e-05	295.0	295.0
3.22	2.7052709000348802e-05	295.0	295.0
3.23	2.621228004277369e-05	295.0	295.0
3.2399999999999998	2.539800266413798e-05	295.0	295.0
3.25	2.4609061539300942e-05	295.0	295.0
3.26	2.3844666820926896e-05	295.0	295.0
3.27	2.31040533394955e-05	295.0	295.0
3.28	2.2386479833103046e-05	295.0	295.0
3.29	2.1691228194620216e-05	295.0	295.0
3.3000000000000003	2.1017602750158144e-05	295.0	295.0
3.3099999999999996	2.0364929553669715e-05	295.0	295.0
3.32	1.9732555708270223e-05	295.0	295.0
3.3299999999999996	1.911984870646884e-05	295.0	295.0
3.34	1.8526195792086437e-05	295.0	295.0
3.35	1.7951003340973177e-05	295.0	295.0
3.36	1.7393696263486486e-05	295.0	295.0
3.37	1.6853717423141273e-05	295.0	295.0
3.38	1.6330527075836265e-05	295.0	295.0
3.3899999999999997	1.5823602324771535e-05	295.0	295.0
3.4	1.5332436593314586e-05	295.0	295.0
3.4099999999999997	1.4856539114519821e-05	295.0	295.0
3.42	1.439543443726432e-05	295.0	295.0
3.43	1.3948661945336246e-05	295.0	295.0
3.44	1.3515775395174975e-05	295.0	295.0
3.45	1.3096342465379607e-05	295.0	295.0
3.46	1.2689944321427523e-05	295.0	295.0
3.4699999999999998	1.2296175194270731e-05	295.0	295.0
3.48	1.1914641971736787e-05	295.0	295.0
3.4899999999999998	1.1544963802142169e-05	295.0	295.0
3.5	1.118677171207949e-05	295.0	295.0
3.51	1.0839708234122725e-05	295.0	295.0
3.52	1.0503427047818073e-05	295.0	295.0
3.5300000000000002	1.0177592631073947e-05	295.0	295.0
3.54	9.861879922616149e-06	295.0	295.0
3.55	9.555973994694137e-06	295.0	295.0
3.5599999999999996	9.259569737703663e-06	295.0	295.0
3.57	8.972371552062874e-06	295.0	295.0
3.58	8.694093052078836e-06	295.0	295.0
3.59	8.424456777622602e-06	295.0	295.0
3.6	8.163193915648273e-06	295.0	295.0
3.61	7.910044029261579e-06	295.0	295.0
3.62	7.664754797335563e-06	295.0	295.0
3.63	7.427081760602583e-06	295.0	295.0
3.6399999999999997	7.19678807566589e-06	295.0	295.0
3.65	6.973644277967021e-06	295.0	295.0
3.66	6.757428050785386e-06	295.0	295.0
3.6700000000000004	6.547924002786587e-06	295.0	295.0
3.6799999999999997	6.344923451750972e-06	295.0	295.0
3.69	6.148224213631259e-06	295.0	295.0
3.7	5.9576304020462585e-06	295.0	295.0
3.71	5.772952230476136e-06	295.0	295.0
3.72	5.594005822044205e-06	295.0	295.0
3.7299999999999995	5.420613025182893e-06	295.0	295.0
3.7399999999999998	5.2526012352209035e-06	295.0	295.0
3.75	5.089803220818349e-06	295.0	295.0
3.7600000000000002	4.932056956952202e-06	295.0	295.0
3.7700000000000005	4.779205461935554e-06	295.0	295.0
3.78	4.631096640580108e-06	295.0	295.0
3.7899999999999996	4.487583131392488e-06	295.0	295.0
3.8	4.3485221598767625e-06	295.0	295.0
3.81	4.213775393872392e-06	295.0	295.0
3.8200000000000003	4.083208806996789e-06	295.0	295.0
3.8299999999999996	3.956692542235925e-06	295.0	295.0
3.84	3.834100783750571e-06	295.0	295.0
3.85	3.7153116300518243e-06	295.0	295.0
3.8600000000000003	3.6002069721726335e-06	295.0	295.0
3.87	3.4886723751329876e-06	295.0	295.0
3.8799999999999994	3.3805969645491394e-06	295.0	295.0
3.8899999999999997	3.2758733140569873e-06	295.0	295.0
3.9	3.1743973388046833e-06	295.0	295.0
3.91	3.0760681914987487e-06	295.0	295.0
3.9200000000000004	2.9807881609666964e-06	295.0	295.0
3.9299999999999997	2.8884625745314216e-06	295.0	295.0
3.94	2.7989997037162575e-06	295.0	295.0
3.9499999999999997	2.7123106725035484e-06	295.0	295.0
3.96	2.628309367924686e-06	295.0	295.0
3.97	2.5469123542768792e-06	295.0	295.0
3.9799999999999995	2.468038790226501e-06	295.0	295.0
3.9899999999999998	2.39161034742974e-06	295.0	295.0
4.0	2.3175511321878637e-06	295.0	295.0
4.01	2.2457876102481103e-06	295.0	295.0
4.0200000000000005	2.1762485326407934e-06	295.0	295.0
4.029999999999999	2.1088648655872197e-06	295.0	295.0
4.04	2.0435697196674596e-06	295.0	295.0
4.05	1.98029828490931e-06	295.0	295.0
4.0600000000000005	1.918987765285133e-06	295.0	295.0
4.07	1.8595773161322882e-06	295.0	295.0
4.079999999999999	1.802007983053855e-06	295.0	295.0
4.09	1.7462226438169637e-06	295.0	295.0
4.1	1.6921659508062348e-06	295.0	295.0
4.11	1.6397842754756198e-06	295.0	295.0
4.12	1.5890256558348526e-06	295.0	295.0
4.13	1.5398397438618854e-06	295.0	295.0
4.14	1.4921777553948228e-06	295.0	295.0
4.1499999999999995	1.4459924217632054e-06	295.0	295.0
4.16	1.4012379421224352e-06	295.0	295.0
4.17	1.3578699378606156e-06	295.0	295.0
4.18	1.3158454092258391e-06	295.0	295.0
4.1899999999999995	1.275122691620408e-06	295.0	295.0
4.2	1.2356614144115596e-06	295.0	295.0
4.21	1.1974224598902221e-06	295.0	295.0
4.22	1.1603679255604387e-06	295.0	295.0
4.2299999999999995	1.1244610857256514e-06	295.0	295.0
4.239999999999999	1.089666354666304e-06	295.0	295.0
4.25	1.0559492514087647e-06	295.0	295.0
4.26	1.0232763656784865e-06	295.0	295.0
4.2700000000000005	9.916153235941156e-07	295.0	295.0
4.279999999999999	9.609347573954115e-07	295.0	295.0
4.29	9.31204272025532e-07	295.0	295.0
4.3	9.023944164502732e-07	295.0	295.0
4.31	8.744766529048912e-07	295.0	295.0
4.32	8.474233301747347e-07	295.0	295.0
4.329999999999999	8.212076546924388e-07	295.0	295.0
4.34	7.958036645216993e-07	295.0	295.0
4.35	7.711862032670306e-07	295.0	295.0
4.36	7.473308945386373e-07	295.0	295.0
4.37	7.242141194518936e-07	295.0	295.0
4.38	7.018129912402434e-07	295.0	295.0
4.39	6.801053338649036e-07	295.0	295.0
4.3999999999999995	6.590696581450691e-07	295.0	295.0
4.41	6.386851420699576e-07	295.0	295.0
4.42	6.189316098155947e-07	295.0	295.0
4.430000000000001	5.997895111316728e-07	295.0	295.0
4.4399999999999995	5.812399028008267e-07	295.0	295.0
4.45	5.632644282845453e-07	295.0	295.0
4.46	5.458453007367581e-07	295.0	295.0
4.47	5.289652848701939e-07	295.0	295.0
4.48	5.126076805620864e-07	295.0	295.0
4.489999999999999	4.967563046095099e-07	295.0	295.0
4.5	4.813954765185239e-07	295.0	295.0
4.51	4.6651000129571685e-07	295.0	295.0
4.5200000000000005	4.5208515597749965e-07	295.0	295.0
4.53	4.381066729027457e-07	295.0	295.0
4.54	4.2456072809245643e-07	295.0	295.0
4.55	4.114339253365647e-07	295.0	295.0
4.56	3.987132839814815e-07	295.0	295.0
4.57	3.863862258294641e-07	295.0	295.0
4.58	3.7444056270411846e-07	295.0	295.0
4.59	3.628644841269235e-07	295.0	295.0
4.6	3.5164654558587455e-07	295.0	295.0
4.61	3.4077565787734204e-07	295.0	295.0
4.62	3.302410747825964e-07	295.0	295.0
4.63	3.2003238351988966e-07	295.0	295.0
4.64	3.10139493790255e-07	295.0	295.0
4.6499999999999995	3.005526285256484e-07	295.0	295.0
4.66	2.912623134158447e-07	295.0	295.0
4.67	2.8225936802665313e-07	295.0	295.0
4.680000000000001	2.7353489562287336e-07	295.0	295.0
4.6899999999999995	2.650802758408233e-07	295.0	295.0
4.7	2.568871549183764e-07	295.0	295.0
4.71	2.4894743825646753e-07	295.0	295.0
4.72	2.412532824995021e-07	295.0	295.0
4.73	2.3379708643152716e-07	295.0	295.0
4.739999999999999	2.2657148520307166e-07	295.0	295.0
4.75	2.1956934144936233e-07	295.0	295.0
4.76	2.1278373896205238e-07	295.0	295.0
4.7700000000000005	2.0620797643496522e-07	295.0	295.0
4.78	1.9983555917442905e-07	295.0	295.0
4.789999999999999	1.9366019447334773e-07	295.0	295.0
4.8	1.8767578432073625e-07	295.0	295.0
4.81	1.8187641959155343e-07	295.0	295.0
4.82	1.7625637416252005e-07	295.0	295.0
4.83	1.7081009910195158e-07	295.0	295.0
4.84	1.6553221752572492e-07	295.0	295.0
4.85	1.604175189351409e-07	295.0	295.0
4.86	1.5546095418391323e-07	295.0	295.0
4.87	1.5065763070420957e-07	295.0	295.0
4.88	1.460028073256107e-07	295.0	295.0
4.89	1.4149188987122585e-07	295.0	295.0
4.8999999999999995	1.371204259396445e-07	295.0	295.0
4.91	1.3288410150025243e-07	295.0	295.0
4.92	1.2877873560116862e-07	295.0	295.0
4.930000000000001	1.2480027748266545e-07	295.0	295.0
4.9399999999999995	1.2094480095203863e-07	295.0	295.0
4.949999999999999	1.1720850212615375e-07	295.0	295.0
4.96	1.1358769399135345e-07	295.0	295.0
4.97	1.1007880455308576e-07	295.0	295.0
4.98	1.0667837158084836e-07	295.0	295.0
4.989999999999999	1.0338304123891362e-07	295.0	295.0
5.0	1.0018956231316878e-07	295.0	295.0
5.01	9.709478502687811e-08	295.0	295.0
5.02	9.409565630373133e-08	295.0	295.0
5.03	9.118921839856853e-08	295.0	295.0
5.039999999999999	8.837260464152526e-08	295.0	295.0
5.05	8.564303681050471e-08	295.0	295.0
5.06	8.299782328080596e-08	295.0	295.0
5.07	8.043435554642524e-08	295.0	295.0
5.08	7.795010592559493e-08	295.0	295.0
5.09	7.554262434113686e-08	295.0	295.0
5.1	7.320953717323182e-08	295.0	295.0
5.109999999999999	7.094854433583227e-08	295.0	295.0
5.12	6.875741635307502e-08	295.0	295.0
5.13	6.663399350811024e-08	295.0	295.0
5.14	6.457618188330609e-08	295.0	295.0
5.1499999999999995	6.258195302718168e-08	295.0	295.0
5.16	6.064934128987194e-08	295.0	295.0
5.17	5.877644186173351e-08	295.0	295.0
5.18	5.6961408367861566e-08	295.0	295.0
5.1899999999999995	5.5202451683851926e-08	295.0	295.0
5.199999999999999	5.349783856652598e-08	295.0	295.0
5.21	5.184588902640286e-08	295.0	295.0
5.22	5.0244974995431825e-08	295.0	295.0
5.23	4.869351921676923e-08	295.0	295.0
5.24	4.7189992469220954e-08	295.0	295.0
5.25	4.5732913012130894e-08	295.0	295.0
5.26	4.432084540114308e-08	295.0	295.0
5.27	4.2952398526807656e-08	295.0	295.0
5.28	4.162622383822404e-08	295.0	295.0
5.29	4.0341014898951734e-08	295.0	295.0
5.3	3.9095505499631145e-08	295.0	295.0
5.31	3.788846869579032e-08	295.0	295.0
5.32	3.671871510550299e-08	295.0	295.0
5.33	3.5585093279462875e-08	295.0	295.0
5.34	3.448648566717338e-08	295.0	295.0
5.35	3.342181072637137e-08	295.0	295.0
5.359999999999999	3.2390019703380325e-08	295.0	295.0
5.37	3.1390096300043524e-08	295.0	295.0
5.38	3.042105585956042e-08	295.0	295.0
5.390000000000001	2.94819438861893e-08	295.0	295.0
5.3999999999999995	2.8571835638165528e-08	295.0	295.0
5.41	2.768983505448593e-08	295.0	295.0
5.42	2.6835073274611432e-08	295.0	295.0
5.43	2.6006708712481934e-08	295.0	295.0
5.44	2.5203925946293282e-08	295.0	295.0
5.449999999999999	2.4425934423237077e-08	295.0	295.0
5.46	2.367196831147093e-08	295.0	295.0
5.47	2.2941284834783932e-08	295.0	295.0
5.48	2.2233165160775077e-08	295.0	295.0
5.49	2.1546911958362596e-08	295.0	295.0
5.5	2.0881849619828568e-08	295.0	295.0
5.51	2.0237323372640503e-08	295.0	295.0
5.52	1.9612698761347264e-08	295.0	295.0
5.53	1.900736142553446e-08	295.0	295.0
5.54	1.842071524945273e-08	295.0	295.0
5.55	1.7852182473040063e-08	295.0	295.0
5.56	1.730120417301843e-08	295.0	295.0
5.57	1.676723733930648e-08	295.0	295.0
5.58	1.624975716948048e-08	295.0	295.0
5.59	1.5748254219201858e-08	295.0	295.0
5.6	1.5262234661269265e-08	295.0	295.0
5.609999999999999	1.47912205446706e-08	295.0	295.0
5.62	1.4334748240270775e-08	295.0	295.0
5.63	1.3892368477819161e-08	295.0	295.0
5.640000000000001	1.346364616091241e-08	295.0	295.0
5.6499999999999995	1.3048159552830896e-08	295.0	295.0
5.66	1.2645499536390048e-08	295.0	295.0
5.67	1.2255270095036982e-08	295.0	295.0
5.68	1.1877087313649781e-08	295.0	295.0
5.69	1.1510579119485461e-08	295.0	295.0
5.699999999999999	1.1155384912105623e-08	295.0	295.0
5.71	1.081115560038389e-08	295.0	295.0
5.72	1.0477552307245711e-08	295.0	295.0
5.73	1.0154246961787313e-08	295.0	295.0
5.74	9.840921300074967e-09	295.0	295.0
5.749999999999999	9.537267272226776e-09	295.0	295.0
5.76	9.24298637627885e-09	295.0	295.0
5.77	8.957788955044066e-09	295.0	295.0
5.78	8.681394455164101e-09	295.0	295.0
5.79	8.41353113104996e-09	295.0	295.0
5.8	8.153935415755598e-09	295.0	295.0
5.81	7.902352476089428e-09	295.0	295.0
5.819999999999999	7.658534584287224e-09	295.0	295.0
5.83	7.422242228235139e-09	295.0	295.0
5.84	7.19324259416491e-09	295.0	295.0
5.85	6.9713106398694435e-09	295.0	295.0
5.859999999999999	6.7562283915615735e-09	295.0	295.0
5.87	6.547784277740239e-09	295.0	295.0
5.88	6.345773092183056e-09	295.0	295.0
5.890000000000001	6.149996364020656e-09	295.0	295.0
5.8999999999999995	5.96026132152853e-09	295.0	295.0
5.909999999999999	5.776382187387223e-09	295.0	295.0
5.92	5.5981776621768136e-09	295.0	295.0
5.93	5.425472515696583e-09	295.0	295.0
5.94	5.258096883823764e-09	295.0	295.0
5.949999999999999	5.095886860632485e-09	295.0	295.0
5.96	4.938682388970032e-09	295.0	295.0
5.97	4.78632896279881e-09	295.0	295.0
5.9799999999999995	4.638676702010495e-09	295.0	295.0
5.99	4.495581129582149e-09	295.0	295.0
5.999999999999999	4.3569012471896445e-09	295.0	295.0
6.01	4.222500386378651e-09	295.0	295.0
6.02	4.092246763676144e-09	295.0	295.0
6.03	3.966012444382254e-09	295.0	295.0
6.04	3.843673268555392e-09	295.0	295.0
6.050000000000001	3.7251091470717293e-09	295.0	295.0
6.06	3.610203284469075e-09	295.0	295.0
6.069999999999999	3.4988428450806928e-09	295.0	295.0
6.08	3.3909183239089202e-09	295.0	295.0
6.09	3.2863237686697744e-09	295.0	295.0
6.1000000000000005	3.1849567057780823e-09	295.0	295.0
6.109999999999999	3.0867169561095884e-09	295.0	295.0
6.12	2.9915085223800966e-09	295.0	295.0
6.13	2.899237590744027e-09	295.0	295.0
6.14	2.8098134929877006e-09	295.0	295.0
6.15	2.7231483734624362e-09	295.0	295.0
6.159999999999999	2.639156930032508e-09	295.0	295.0
6.17	2.557757117216397e-09	295.0	295.0
6.18	2.4788685548671197e-09	295.0	295.0
6.19	2.4024136383952546e-09	295.0	295.0
6.2	2.328317464754074e-09	295.0	295.0
6.21	2.2565073143354653e-09	295.0	295.0
6.22	2.1869125029401934e-09	295.0	295.0
6.2299999999999995	2.119464751852244e-09	295.0	295.0
6.24	2.0540977067421786e-09	295.0	295.0
6.25	1.9907471967191745e-09	295.0	295.0
6.26	1.9293508642566812e-09	295.0	295.0
6.27	1.869848905341106e-09	295.0	295.0
6.28	1.8121823671298405e-09	295.0	295.0
6.29	1.7562945542337616e-09	295.0	295.0
6.3	1.7021308806874913e-09	295.0	295.0
6.31	1.6496382038155843e-09	295.0	295.0
6.319999999999999	1.598764750217659e-09	295.0	295.0
6.33	1.549460522850173e-09	295.0	295.0
6.34	1.5016772270115553e-09	295.0	295.0
6.3500000000000005	1.4553675301935225e-09	295.0	295.0
6.359999999999999	1.410486690408182e-09	295.0	295.0
6.37	1.3669899286602079e-09	295.0	295.0
6.38	1.324835056474664e-09	295.0	295.0
6.39	1.2839804404881268e-09	295.0	295.0
6.4	1.2443859646419735e-09	295.0	295.0
6.409999999999999	1.2060126231006052e-09	295.0	295.0
6.42	1.1688228903257898e-09	295.0	295.0
6.43	1.1327800179354124e-09	295.0	295.0
6.44	1.0978492189413676e-09	295.0	295.0
6.45	1.063995706355551e-09	295.0	295.0
6.46	1.0311864325392623e-09	295.0	295.0
6.47	9.993889049653149e-10	295.0	295.0
6.4799999999999995	9.685722964410577e-10	295.0	295.0
6.49	9.387062608704848e-10	295.0	295.0
6.5	9.097612293137066e-10	295.0	295.0
6.51	8.817090761207661e-10	295.0	295.0
6.52	8.545219717011795e-10	295.0	295.0
6.53	8.281732336949214e-10	295.0	295.0
6.54	8.02637437994728e-10	295.0	295.0
6.55	7.778890124635988e-10	295.0	295.0
6.56	7.539038282544652e-10	295.0	295.0
6.569999999999999	7.306584966689419e-10	295.0	295.0
6.58	7.081298880606823e-10	295.0	295.0
6.59	6.862958719840625e-10	295.0	295.0
6.6000000000000005	6.651355392387851e-10	295.0	295.0
6.609999999999999	6.446277585799484e-10	295.0	295.0
6.619999999999999	6.24752360955938e-10	295.0	295.0
6.63	6.054899544712574e-10	295.0	295.0
6.64	5.868214062824487e-10	295.0	295.0
6.65	5.687284717244742e-10	295.0	295.0
6.659999999999999	5.511936832884127e-10	295.0	295.0
6.67	5.341996104727779e-10	295.0	295.0
6.68	5.177294148950295e-10	295.0	295.0
6.69	5.017672203659155e-10	295.0	295.0
6.7	4.862972987259203e-10	295.0	295.0
6.709999999999999	4.713045509419089e-10	295.0	295.0
6.72	4.5677402601048317e-10	295.0	295.0
6.7299999999999995	4.4269151307692784e-10	295.0	295.0
6.74	4.2904328238317174e-10	295.0	295.0
6.75	4.1581578920831436e-10	295.0	295.0
6.76	4.0299634000244094e-10	295.0	295.0
6.77	3.9057227822307067e-10	295.0	295.0
6.779999999999999	3.7853116937232773e-10	295.0	295.0
6.79	3.668615781530586e-10	295.0	295.0
6.8	3.555517362012021e-10	295.0	295.0
6.81	3.445903932567755e-10	295.0	295.0
6.819999999999999	3.3396729826051796e-10	295.0	295.0
6.83	3.2367149701191994e-10	295.0	295.0
6.84	3.136934415929697e-10	295.0	295.0
6.8500000000000005	3.040231029890113e-10	295.0	295.0
6.86	2.9465100729690147e-10	295.0	295.0
6.869999999999999	2.855674215614575e-10	295.0	295.0
6.88	2.767642411545997e-10	295.0	295.0
6.89	2.682323992549603e-10	295.0	295.0
6.9	2.599637542270254e-10	295.0	295.0
6.91	2.519499053832419e-10	295.0	295.0
6.92	2.441834142293449e-10	295.0	295.0
6.93	2.3665602810751807e-10	295.0	295.0
6.9399999999999995	2.2936067859783785e-10	295.0	295.0
6.95	2.2229040830268332e-10	295.0	295.0
6.96	2.1543811179469685e-10	295.0	295.0
6.97	2.0879683167625748e-10	295.0	295.0
6.9799999999999995	2.0236038770586143e-10	295.0	295.0
6.99	1.961226736568733e-10	295.0	295.0
7.0	1.9007717622088194e-10	295.0	295.0
7.01	1.8421801121585682e-10	295.0	295.0
7.02	1.7853929445976746e-10	295.0	295.0
7.029999999999999	1.7303573388952978e-10	295.0	295.0
7.04	1.67701852404889e-10	295.0	295.0
7.05	1.6253261699480012e-10	295.0	295.0
7.0600000000000005	1.5752258756644247e-10	295.0	295.0
7.069999999999999	1.5266687913850774e-10	295.0	295.0
7.08	1.4796101381146323e-10	295.0	295.0
7.09	1.4340025463373726e-10	295.0	295.0
7.1	1.3898016071323127e-10	295.0	295.0
7.11	1.3469632816528096e-10	295.0	295.0
7.119999999999999	1.3054450113495855e-10	295.0	295.0
7.13	1.265207198268096e-10	295.0	295.0
7.14	1.2262095043051127e-10	295.0	295.0
7.15	1.1884145519521402e-10	295.0	295.0
7.16	1.1517857038493655e-10	295.0	295.0
7.17	1.1162837321165853e-10	295.0	295.0
7.18	1.0818786607321347e-10	295.0	295.0
7.1899999999999995	1.0485331121875181e-10	295.0	295.0
7.2	1.0162141498663384e-10	295.0	295.0
7.21	9.848929079699549e-11	295.0	295.0
7.22	9.545353396589462e-11	295.0	295.0
7.2299999999999995	9.251129492090134e-11	295.0	295.0
7.24	8.96599461341907e-11	295.0	295.0
7.25	8.689641598872792e-11	295.0	295.0
7.26	8.421803994925388e-11	295.0	295.0
7.27	8.162252355485104e-11	295.0	295.0
7.279999999999999	7.910698022565536e-11	295.0	295.0
7.29	7.666889345614436e-11	295.0	295.0
7.3	7.43061168151371e-11	295.0	295.0
7.3100000000000005	7.201605978224279e-11	295.0	295.0
7.32	6.979639088910972e-11	295.0	295.0
7.33	6.764533377889848e-11	295.0	295.0
7.340000000000001	6.556040895352074e-11	295.0	295.0
7.349999999999999	6.353991407100541e-11	295.0	295.0
7.359999999999999	6.158192474477649e-11	295.0	295.0
7.369999999999999	5.968410950648224e-11	295.0	295.0
7.38	5.784469199928329e-11	295.0	295.0
7.39	5.606193287377437e-11	295.0	295.0
7.4	5.433390774337946e-11	295.0	295.0
7.41	5.265943237020565e-11	295.0	295.0
7.42	5.1036508352808596e-11	295.0	295.0
7.430000000000001	4.946369240125629e-11	295.0	295.0
7.44	4.793935618844595e-11	295.0	295.0
7.449999999999999	4.6462056424445564e-11	295.0	295.0
7.459999999999999	4.503016478215235e-11	295.0	295.0
7.47	4.3642497023673364e-11	295.0	295.0
7.4799999999999995	4.229757285164245e-11	295.0	295.0
7.49	4.099387496125928e-11	295.0	295.0
7.5	3.9730552181538314e-11	295.0	295.0
7.51	3.8506309252284154e-11	295.0	295.0
7.5200000000000005	3.731944383152571e-11	295.0	295.0
7.53	3.616910474827743e-11	295.0	295.0
7.540000000000001	3.505455185385623e-11	295.0	295.0
7.549999999999999	3.3974341858330113e-11	295.0	295.0
7.56	3.2927179501503666e-11	295.0	295.0
7.569999999999999	3.191243565699627e-11	295.0	295.0
7.579999999999999	3.0929185138954075e-11	295.0	295.0
7.59	2.9975984657445075e-11	295.0	295.0
7.6	2.905227910095694e-11	295.0	295.0
7.61	2.8156662186991827e-11	295.0	295.0
7.62	2.7288985885813115e-11	295.0	295.0
7.630000000000001	2.644799194465956e-11	295.0	295.0
7.640000000000001	2.563290320741392e-11	295.0	295.0
7.6499999999999995	2.484286850309066e-11	295.0	295.0
7.659999999999999	2.4077369727611615e-11	295.0	295.0
7.669999999999999	2.3335444687688778e-11	295.0	295.0
7.68	2.261642724950737e-11	295.0	295.0
7.6899999999999995	2.191935521977939e-11	295.0	295.0
7.7	2.1243821516729138e-11	295.0	295.0
7.71	2.058919701397599e-11	295.0	295.0
7.720000000000001	1.995459353310025e-11	295.0	295.0
7.73	1.9339529977457914e-11	295.0	295.0
7.74	1.87437472950099e-11	295.0	295.0
7.749999999999999	1.8166320299902356e-11	295.0	295.0
7.759999999999999	1.7606582858320508e-11	295.0	295.0
7.77	1.7063831829015424e-11	295.0	295.0
7.779999999999999	1.6537919182250487e-11	295.0	295.0
7.79	1.602825279907923e-11	295.0	295.0
7.8	1.5534277567989346e-11	295.0	295.0
7.81	1.5055734436941748e-11	295.0	295.0
7.82	1.4591624205214277e-11	295.0	295.0
7.83	1.4141946872806935e-11	295.0	295.0
7.840000000000001	1.3706036305904945e-11	295.0	295.0
7.849999999999999	1.328355943760092e-11	295.0	295.0
7.859999999999999	1.2873961156382544e-11	295.0	295.0
7.869999999999999	1.2477463506854747e-11	295.0	295.0
7.88	1.2092993273427055e-11	295.0	295.0
7.89	1.1720476441231161e-11	295.0	295.0
7.8999999999999995	1.1359320891320598e-11	295.0	295.0
7.91	1.1009193556787977e-11	295.0	295.0
7.92	1.066990940046253e-11	295.0	295.0
7.930000000000001	1.03414314149101e-11	295.0	295.0
7.94	1.0022723391974372e-11	295.0	295.0
7.949999999999999	9.71393336139196e-12	295.0	295.0
7.959999999999999	9.414543219084711e-12	295.0	295.0
7.97	9.12455296505262e-12	295.0	295.0
7.9799999999999995	8.843407487783376e-12	295.0	295.0
7.989999999999999	8.570551675764667e-12	295.0	295.0
8.0	8.30650363307465e-12	295.0	295.0
8.01	8.050486203596089e-12	295.0	295.0
8.02	7.802425372460675e-12	295.0	295.0
8.030000000000001	7.561840043024404e-12	295.0	295.0
8.040000000000001	7.32876722272143e-12	295.0	295.0
8.05	7.1030588818151346e-12	295.0	295.0
8.059999999999999	6.884122901359054e-12	295.0	295.0
8.069999999999999	6.671996288787341e-12	295.0	295.0
8.08	6.466419992060916e-12	295.0	295.0
8.09	6.267282988877317e-12	295.0	295.0
8.1	6.0742522123291565e-12	295.0	295.0
8.11	5.887142625245663e-12	295.0	295.0
8.120000000000001	5.7058061978902214e-12	295.0	295.0
8.13	5.530057893092059e-12	295.0	295.0
8.14	5.359638658812098e-12	295.0	295.0
8.15	5.1945114876161824e-12	295.0	295.0
8.159999999999998	5.034343312596927e-12	295.0	295.0
8.17	4.8793191709251005e-12	295.0	295.0
8.18	4.728994973390854e-12	295.0	295.0
8.19	4.583333712560034e-12	295.0	295.0
8.2	4.442261373564331e-12	295.0	295.0
8.209999999999999	4.3053338671938945e-12	295.0	295.0
8.22	4.1727362306194964e-12	295.0	295.0
8.23	4.044431456406983e-12	295.0	295.0
8.24	3.919605381004961e-12	295.0	295.0
8.25	3.79877610849159e-12	295.0	295.0
8.26	3.681721594261944e-12	295.0	295.0
8.27	3.5685528606184866e-12	295.0	295.0
8.28	3.458640781180596e-12	295.0	295.0
8.29	3.352133385684889e-12	295.0	295.0
8.299999999999999	3.248956659263058e-12	295.0	295.0
8.31	3.1487405275735605e-12	295.0	295.0
8.32	3.0515960129188593e-12	295.0	295.0
8.33	2.9577821673380336e-12	295.0	295.0
8.34	2.866595849582154e-12	295.0	295.0
8.350000000000001	2.7781480819536832e-12	295.0	295.0
8.36	2.6925128793209296e-12	295.0	295.0
8.37	2.609727249118047e-12	295.0	295.0
8.379999999999999	2.529236079832723e-12	295.0	295.0
8.389999999999999	2.4514094458064997e-12	295.0	295.0
8.4	2.375914280131989e-12	295.0	295.0
8.41	2.3026025530725747e-12	295.0	295.0
8.42	2.231474264628256e-12	295.0	295.0
8.43	2.1626404371014965e-12	295.0	295.0
8.44	2.0960640630581415e-12	295.0	295.0
8.450000000000001	2.031412075590803e-12	295.0	295.0
8.459999999999999	1.968721482133636e-12	295.0	295.0
8.469999999999999	1.9079182678183315e-12	295.0	295.0
8.479999999999999	1.8492614846839692e-12	295.0	295.0
8.49	1.7923070435206985e-12	295.0	295.0
8.5	1.7370179368943657e-12	295.0	295.0
8.51	1.6833201499366623e-12	295.0	295.0
8.52	1.6313987198183593e-12	295.0	295.0
8.53	1.5811056168028397e-12	295.0	295.0
8.540000000000001	1.5323668260217953e-12	295.0	295.0
8.55	1.4851083326069177e-12	295.0	295.0
8.559999999999999	1.4391080919532821e-12	295.0	295.0
8.569999999999999	1.3947731858365842e-12	295.0	295.0
8.58	1.3517335399152823e-12	295.0	295.0
8.59	1.310100176491839e-12	295.0	295.0
8.6	1.2697990806979458e-12	295.0	295.0
8.61	1.230682222796986e-12	295.0	295.0
8.62	1.193008654828039e-12	295.0	295.0
8.63	1.156408302449563e-12	295.0	295.0
8.64	1.1206221136224788e-12	295.0	295.0
8.65	1.0860571701224824e-12	295.0	295.0
8.659999999999998	1.052602449647111e-12	295.0	295.0
8.67	1.0202949596305189e-12	295.0	295.0
8.68	9.889866703360894e-13	295.0	295.0
8.69	9.585665594613602e-13	295.0	295.0
8.7	9.29034627006331e-13	295.0	295.0
8.709999999999999	9.001688283660769e-13	295.0	295.0
8.72	8.725242750529105e-13	295.0	295.0
8.73	8.456198704228276e-13	295.0	295.0
8.74	8.195296293441364e-13	295.0	295.0
8.75	7.944385889876079e-13	295.0	295.0
8.76	7.700136824458544e-13	295.0	295.0
8.77	7.464399468896469e-13	295.0	295.0
8.78	7.236063600165229e-13	295.0	295.0
8.79	7.011428474849405e-13	295.0	295.0
8.799999999999999	6.797525505438292e-13	295.0	295.0
8.81	6.588803576808763e-13	295.0	295.0
8.82	6.385632763302359e-13	295.0	295.0
8.83	6.189123287943706e-13	295.0	295.0
8.84	5.999645225074346e-13	295.0	295.0
8.85	5.81312775693732e-13	295.0	295.0
8.860000000000001	5.631421255240335e-13	295.0	295.0
8.87	5.458596537740353e-13	295.0	295.0
8.879999999999999	5.29206308404658e-13	295.0	295.0
8.889999999999999	5.128490225085139e-13	295.0	295.0
8.9	4.969358258222201e-13	295.0	295.0
8.91	4.819108075556263e-13	295.0	295.0
8.92	4.669598041573408e-13	295.0	295.0
8.93	4.526379271396763e-13	295.0	295.0
8.94	4.3868612446355354e-13	295.0	295.0
8.950000000000001	4.249933738265099e-13	295.0	295.0
8.96	4.118927421359331e-13	295.0	295.0
8.969999999999999	3.990881699185896e-13	295.0	295.0
8.979999999999999	3.8665367204278783e-13	295.0	295.0
8.99	3.744412187719111e-13	295.0	295.0
9.0	3.628948993158095e-13	295.0	295.0
9.01	3.517186542012496e-13	295.0	295.0
9.02	3.4083846855992306e-13	295.0	295.0
9.03	3.3018032752352156e-13	295.0	295.0
9.040000000000001	3.198922608286618e-13	295.0	295.0
9.05	3.099742684753437e-13	295.0	295.0
9.06	3.0046335789772155e-13	295.0	295.0
9.069999999999999	2.9121149935917856e-13	295.0	295.0
9.08	2.8184861851817306e-13	295.0	295.0
9.09	2.7318887892609684e-13	295.0	295.0
9.1	2.6464016163648313e-13	295.0	295.0
9.11	2.5638750382010283e-13	295.0	295.0
9.12	2.482088608720308e-13	295.0	295.0
9.13	2.4077036660704226e-13	295.0	295.0
9.14	2.334058872103621e-13	295.0	295.0
9.15	2.2607841524783604e-13	295.0	295.0
9.16	2.191580250610059e-13	295.0	295.0
9.17	2.1260770921571748e-13	295.0	295.0
9.18	2.060203859362749e-13	295.0	295.0
9.19	1.9976612956421983e-13	295.0	295.0
9.2	1.9358588806047314e-13	295.0	295.0
9.209999999999999	1.875536762933431e-13	295.0	295.0
9.22	1.81928546301909e-13	295.0	295.0
9.23	1.7608137170554983e-13	295.0	295.0
9.24	1.705672640165782e-13	295.0	295.0
9.25	1.652011860642233e-13	295.0	295.0
9.26	1.6024218988756425e-13	295.0	295.0
9.27	1.5524618627675105e-13	295.0	295.0
9.28	1.5054624213917123e-13	295.0	295.0
9.29	1.4580929056743722e-13	295.0	295.0
9.299999999999999	1.4133139103478243e-13	295.0	295.0
9.31	1.3707553610705267e-13	295.0	295.0
9.32	1.330787332184021e-13	295.0	295.0
9.33	1.2867484855405564e-13	295.0	295.0
9.34	1.2460403079709673e-13	295.0	295.0
9.35	1.208292725133712e-13	295.0	295.0
9.360000000000001	1.1731356626872488e-13	295.0	295.0
9.37	1.1353880798499934e-13	295.0	295.0
9.379999999999999	1.1002310174035301e-13	295.0	295.0
9.389999999999999	1.0665542523232337e-13	295.0	295.0
9.4	1.0339877102675625e-13	295.0	295.0
9.41	1.0025313912365164e-13	295.0	295.0
9.42	9.732955182547205e-14	295.0	295.0
9.43	9.429494222482997e-14	295.0	295.0
9.44	9.140836236080456e-14	295.0	295.0
9.450000000000001	8.852178249677915e-14	295.0	295.0
9.46	8.589425467183294e-14	295.0	295.0
9.469999999999999	8.326672684688674e-14	295.0	295.0
9.479999999999999	8.06762064560947e-14	295.0	295.0
9.49	7.815970093361102e-14	295.0	295.0
9.5	7.571721027943568e-14	295.0	295.0
9.51	7.338574192772285e-14	295.0	295.0
9.52	7.131332561508923e-14	295.0	295.0
9.53	6.894484982922222e-14	295.0	295.0
9.540000000000001	6.705747068735946e-14	295.0	295.0
9.55	6.480001720395497e-14	295.0	295.0
9.56	6.306066779870889e-14	295.0	295.0
9.569999999999999	6.106226635438361e-14	295.0	295.0
9.579999999999998	5.891583517344164e-14	295.0	295.0
9.59	5.732451550481225e-14	295.0	295.0
9.6	5.543713636294948e-14	295.0	295.0
9.61	5.388282412847426e-14	295.0	295.0
9.62	5.2254497025690703e-14	295.0	295.0
9.63	5.062616992290714e-14	295.0	295.0
9.64	4.907185768843192e-14	295.0	295.0
9.65	4.7665575190573385e-14	295.0	295.0
9.66	4.6074255521943996e-14	295.0	295.0
9.67	4.470498045823964e-14	295.0	295.0
9.68	4.318767565791859e-14	295.0	295.0
9.69	4.200343776498509e-14	295.0	295.0
9.7	4.0708177569589075e-14	295.0	295.0
9.709999999999999	3.963496197911809e-14	295.0	295.0
9.72	3.8228679481259555e-14	295.0	295.0
9.73	3.704444158832606e-14	295.0	295.0
9.74	3.5601151656313355e-14	295.0	295.0
9.75	3.47499806707674e-14	295.0	295.0
9.76	3.3824794816913105e-14	295.0	295.0
9.770000000000001	3.275157922644212e-14	295.0	295.0
9.78	3.167836363597113e-14	295.0	295.0
9.79	3.042011087472929e-14	295.0	295.0
9.799999999999999	2.9568939889183334e-14	295.0	295.0
9.809999999999999	2.8717768903637385e-14	295.00000000000375	295.0
9.82	2.7903605352245602e-14	295.00000000011084	295.0
9.83	2.7015426932545477e-14	295.0000000024453	295.00000000000307
9.84	2.6275278249462037e-14	295.0000000453799	295.0000000000717
9.85	2.5276077527299396e-14	295.0000007100342	295.0000000012008
9.860000000000001	2.453592884421596e-14	295.0000093713326	295.00000001689875
9.870000000000001	2.3684757858670007e-14	295.0001043801377	295.0000002013754
9.879999999999999	2.2907601741432398e-14	295.0009816248776	295.00000203478487
9.889999999999999	2.238949766327399e-14	295.0077990407676	295.0000174540161
9.899999999999999	2.1686356414344725e-14	295.05238439593165	295.0001272661785
9.91	2.098321516541546e-14	295.297666327441	295.0007900113328
9.92	2.0391096218948707e-14	296.43140478046706	295.0041816424304
9.93	1.979897727248196e-14	300.81782570788556	295.0188953878679
9.94	1.9095836023552692e-14	314.8837405216627	295.0728612722858
9.950000000000001	1.865174681370263e-14	351.1897481351596	295.23874566551825
9.96	1.7985612998927536e-14	422.1593501781853	295.65371033086865
9.97	1.72454643158441e-14	537.0848325009246	296.5258253029289
9.979999999999999	1.6579330501069005e-14	684.6360055170819	298.06437860610043
9.989999999999998	1.6061226422910597e-14	844.715615389418	300.4099065098339
10.0	1.554312234475219e-14	991.6403931464957	303.5941349922418
10.01	1.4839981095822925e-14	1108.7338425249486	307.5222768989798
10.02	1.4210854715202004e-14	1186.6827432221169	312.01543149140633
10.03	1.354472090042691e-14	1225.6339255838739	316.8512350624851
10.04	1.2730557349035129e-14	1233.0265568777406	321.79680336412866
10.05	1.2434497875801753e-14	1219.0143723637143	326.6795414775864
10.06	1.2027416100105862e-14	1192.6142734041505	331.3930984855723
10.07	1.1324274851176597e-14	1160.5481057650577	335.88560157964105
10.079999999999998	1.080617077301819e-14	1126.4413018743908	340.1336608481323
10.09	1.0362081563168127e-14	1091.8012221387555	344.14083559966724
10.1	9.992007221626409e-15	1057.5932165182842	347.9252547999429
10.11	9.25185853854297e-15	1023.8030718553777	351.48933829421065
10.12	8.733754460384565e-15	990.7751507992883	354.83952213775507
10.129999999999999	8.733754460384565e-15	959.211809367695	357.9878546069038
10.14	7.956598343146956e-15	927.1763540658516	360.9409325526664
10.15	7.623531435759409e-15	895.7644442297706	363.7041499883167
10.16	7.179442225909346e-15	865.287793464308	366.2837669439713
10.17	6.920390186830143e-15	835.6589224251358	368.68818397050586
10.18	6.439293542825908e-15	806.645373923407	370.924907372113
10.19	6.106226635438361e-15	778.5753483895223	372.9993084479137
10.2	5.773159728050814e-15	751.6761869037686	374.9203762351069
10.209999999999999	5.5141076889716106e-15	725.8301028951994	376.6958778147374
10.219999999999999	5.255055649892408e-15	701.071954997311	378.3333385859976
10.23	4.958996176659032e-15	677.3132570646309	379.8395916396803
10.24	5.10702591327572e-15	654.7053321403745	381.2213070034444
10.25	4.921988742504861e-15	633.1761608651694	382.48399258878067
10.26	4.773959005888173e-15	612.8190425236738	383.63731447340456
10.270000000000001	4.3298697960381105e-15	593.6601291786164	384.6879818286327
10.28	4.033810322804736e-15	575.6794739309495	385.64203570076995
10.29	3.848773152033876e-15	558.8631246140603	386.5060903508676
10.299999999999999	3.700743415417189e-15	543.2304625658576	387.286771052257
10.309999999999999	3.73775084957136e-15	528.7144357320948	387.99050351574573
10.32	3.6267285471088444e-15	515.241248829374	388.6231591818814
10.33	3.515706244646329e-15	502.8335268296239	389.19027528786455
10.34	3.3306690738754696e-15	491.4680285688621	389.697500506525
10.35	3.293661639721298e-15	481.0867985708895	390.1503850341273
10.36	2.9235872981795788e-15	471.6354270452564	390.5539877483775
10.370000000000001	2.8495724298712353e-15	463.0622218274424	390.9129377056765
10.379999999999999	2.627527824946204e-15	455.31447913905004	391.2315367531525
10.389999999999999	2.294460917558657e-15	448.33450928983103	391.51385985478225
10.399999999999999	2.4054832200211726e-15	442.06497514923154	391.7636564076083
10.41	2.4054832200211726e-15	436.4503402284251	391.9843552962615
10.42	2.220446049250313e-15	431.43499290908073	392.17910200285695
10.43	2.294460917558657e-15	426.9653853355701	392.35075289570665
10.44	2.3314683517128287e-15	422.9906684274653	392.5018902214604
10.45	2.4054832200211726e-15	419.4628779282861	392.6348392647812
10.46	2.146431180941969e-15	416.33686335070644	392.7516827996312
10.47	2.146431180941969e-15	413.5714195894783	392.8542903211783
10.48	2.1094237467877974e-15	411.12866339584906	392.9443326301539
10.489999999999998	2.0354088784794535e-15	408.97388768407455	393.0232984494538
10.5	1.924386576016938e-15	407.07547194294415	393.0925112267084
10.51	1.7763568394002505e-15	405.40475115818845	393.15314504540186
10.52	1.7393494052460785e-15	403.9358551351889	393.20623953909586
10.53	1.7763568394002505e-15	402.64552852770873	393.2527137472811
10.54	1.4802973661668755e-15	401.5129401839709	393.2933788880358
10.55	1.4802973661668755e-15	400.5194887572177	393.3289500523179
10.56	1.4802973661668755e-15	399.64860998696344	393.3600568480414
10.57	1.2582527612418441e-15	398.8855896922412	393.3872530318618
10.58	1.3692750637043598e-15	398.21738535368263	393.41102519432286
10.59	1.2582527612418441e-15	397.6324581985146	393.4318005545232
10.6	1.2952601953960159e-15	397.1206169285765	393.4499539314124
10.61	1.4062824978585316e-15	396.67303479665713	393.4658141084829
10.62	1.3322676295501878e-15	396.28206064441895	393.47967058504213
10.629999999999999	1.4802973661668755e-15	395.940526122368	393.491777127218
10.64	1.4062824978585316e-15	395.64215867849214	393.502355222379
10.65	1.3322676295501878e-15	395.3814864983229	393.51159820897794
10.66	1.4062824978585316e-15	395.1537351213208	393.5196748813223
10.67	1.1102230246251565e-15	394.9547376796255	393.52673262626644
10.68	1.1842378929335002e-15	394.7808568998864	393.5329001541208
10.69	1.2212453270876722e-15	394.6289172775253	393.53828987742753
10.7	1.2212453270876722e-15	394.49614605928804	393.5429999838985
10.709999999999999	1.1102230246251565e-15	394.3801218615636	393.5471162435068
10.719999999999999	9.251858538542972e-16	394.2787299147139	393.5507135843407
10.73	1.2212453270876722e-15	394.19012306225846	393.55385746720395
10.74	1.1472304587793285e-15	394.11268776220976	393.5566050849657
10.75	9.992007221626409e-16	394.0450144392668	393.5590064092278
10.76	6.661338147750939e-16	393.98587162365817	393.56110510392665
10.77	7.771561172376096e-16	393.9341833873288	393.56293932291567
10.780000000000001	8.511709855459534e-16	393.8890096527221	393.5645424063692
10.79	7.771561172376096e-16	393.84952900514236	393.5659434889149
10.799999999999999	7.401486830834377e-16	393.8150236878586	393.5671680307464
10.809999999999999	8.881784197001252e-16	393.7848665008241	393.5682382815145
10.82	1.0362081563168128e-15	393.75850936003496	393.56917368554434
10.83	1.1102230246251565e-15	393.73547330590816	393.56999123581716
10.84	1.0732155904709846e-15	393.7153397762904	393.57070578322435
10.85	1.1842378929335002e-15	393.69774298338444	393.57133030675476
10.86	1.0732155904709846e-15	393.6823632544435	393.57187614956547
10.870000000000001	1.1842378929335002e-15	393.6689212140097	393.5723532252511
10.88	1.1102230246251565e-15	393.6571727010557	393.5727701980829
10.889999999999999	8.881784197001252e-16	393.64690432796795	393.57313464050327
10.899999999999999	7.771561172376096e-16	393.63792960015854	393.5734531707566
10.91	1.0732155904709846e-15	393.6300855253973	393.57373157315766
10.92	9.251858538542972e-16	393.6232296509621	393.57397490319636
10.93	8.511709855459534e-16	393.6172374745491	393.5741875793881
10.94	6.291263806209221e-16	393.61200018173804	393.5743734635449
10.95	2.590520390792032e-16	393.60742266877844	393.5745359309272
10.96	2.590520390792032e-16	393.60342181468377	393.57467793155325
10.97	1.4802973661668753e-16	393.5999249711702	393.57480204378015
10.98	2.9605947323337506e-16	393.5968686429563	393.57491052113403
10.989999999999998	5.921189464667501e-16	393.5941973344126	393.57500533323594
11.0	6.661338147750939e-16	393.5918625415792	393.575088201573
11.01	8.511709855459534e-16	393.58982187122183	393.5751606307601
11.02	9.62193288008469e-16	393.58803827090645	393.5752239358624
11.03	8.881784197001252e-16	393.5864793560981	393.5752792662772
11.04	8.141635513917814e-16	393.5851168220547	393.575327626604
11.05	1.1102230246251565e-15	393.5839259298242	393.575369894887
11.06	1.1842378929335002e-15	393.58288505700705	393.57540683855916
11.07	1.1102230246251565e-15	393.581975305123	393.57543912837485
11.08	9.251858538542972e-16	393.58118015644567	393.5754673505924
11.09	7.401486830834377e-16	393.5804851740751	393.5754920176158
11.1	7.771561172376096e-16	393.5798777397959	393.5755135773
11.11	9.62193288008469e-16	393.57934682496324	393.5755324210828
11.12	1.2582527612418441e-15	393.57888279025195	393.5755488910907
11.129999999999999	1.2212453270876722e-15	393.5784772106377	393.57556328635206
11.14	1.1842378929335002e-15	393.5781227224207	393.5755758682256
11.15	1.1102230246251565e-15	393.5778128895287	393.57558686514653
11.16	1.1842378929335002e-15	393.57754208665676	393.57559647677374
11.17	1.3692750637043598e-15	393.5773053971342	393.57560487761407
11.18	1.3322676295501878e-15	393.5770985236528	393.57561222019194
11.19	1.4062824978585316e-15	393.5769177102455	393.5756186378185
11.2	1.1842378929335002e-15	393.57675967409074	393.5756242470106
11.209999999999999	1.1472304587793285e-15	393.57662154591003	393.5756291496073
11.219999999999999	1.2952601953960159e-15	393.57650081787244	393.5756334346195
11.23	1.1102230246251565e-15	393.57639529806215	393.5756371798448
11.24	9.62193288008469e-16	393.5763030706821	393.57564045328047
11.25	8.511709855459534e-16	393.5762224612713	393.57564331435873
11.26	8.881784197001252e-16	393.5761520063014	393.57564581502436
11.27	1.1472304587793285e-15	393.5760904266078	393.57564800067917
11.280000000000001	8.511709855459534e-16	393.5760366041628	393.575649911005
11.290000000000001	9.62193288008469e-16	393.57598956177895	393.57565158068525
11.299999999999999	1.0732155904709846e-15	393.5759484453653	393.57565304003435
11.309999999999999	9.62193288008469e-16	393.5759125084217	393.5756543155481
11.32	5.921189464667501e-16	393.575881098486	393.5756554303845
11.33	7.031412489292658e-16	393.57585364528677	393.5756564047838
11.34	8.141635513917814e-16	393.5758296503904	393.57565725643747
11.35	8.141635513917814e-16	393.5758086781511	393.5756580008074
11.36	7.771561172376096e-16	393.57579034780264	393.5756586514083
11.370000000000001	8.511709855459534e-16	393.5757743265435	393.5756592200528
11.38	8.141635513917814e-16	393.5757603234958	393.5756597170644
11.39	7.401486830834377e-16	393.57574808442354	393.575660151467
11.399999999999999	5.921189464667501e-16	393.5757373871174	393.5756605311476
11.409999999999998	5.551115123125783e-16	393.57572803735985	393.57566086299937
11.42	5.551115123125783e-16	393.5757198653988	393.5756611530478
11.43	5.921189464667501e-16	393.5757127228662	393.57566140655854
11.44	3.7007434154171886e-16	393.5757064800846	393.5756616281343
11.45	2.220446049250313e-16	393.5757010237111	393.5756618217982
11.46	4.070817756958907e-16	393.5756962546818	393.57566199106566
11.47	4.070817756958907e-16	393.575692086411	393.5756621390108
11.48	4.810966440042345e-16	393.57568844322094	393.5756622683194
11.49	6.661338147750939e-16	393.57568525896636	393.5756623813387
11.499999999999998	4.810966440042345e-16	393.57568247583487	393.5756624801207
11.51	3.7007434154171886e-16	393.57568004329687	393.57566256645896
11.52	3.700743415417188e-17	393.5756779171878	393.57566264192116
11.53	nan	nan	nan
11.54	nan	nan	nan
11.55	nan	nan	nan
11.56	nan	nan	nan
11.57	nan	nan	nan
11.58	nan	nan	nan
11.59	nan	nan	nan
11.6	nan	nan	nan
11.61	nan	nan	nan
11.62	nan	nan	nan
11.629999999999999	nan	nan	nan
11.639999999999999	nan	nan	nan
11.65	nan	nan	nan
11.66	nan	nan	nan
11.67	nan	nan	nan
11.68	nan	nan	nan
11.690000000000001	nan	nan	nan
11.7	nan	nan	nan
11.709999999999999	nan	nan	nan
11.719999999999999	nan	nan	nan
11.729999999999999	nan	nan	nan
11.74	nan	nan	nan
11.75	nan	nan	nan
11.76	nan	nan	nan
11.77	nan	nan	nan
11.780000000000001	nan	nan	nan
11.790000000000001	nan	nan	nan
11.799999999999999	nan	nan	nan
11.809999999999999	nan	nan	nan
11.819999999999999	nan	nan	nan
11.83	nan	nan	nan
11.84	nan	nan	nan
11.85	nan	nan	nan
11.86	nan	nan	nan
11.870000000000001	nan	nan	nan
11.88	nan	nan	nan
11.89	nan	nan	nan
11.899999999999999	nan	nan	nan
11.909999999999998	nan	nan	nan
11.92	nan	nan	nan
11.93	nan	nan	nan
11.94	nan	nan	nan
11.95	nan	nan	nan
11.959999999999999	nan	nan	nan
11.97	nan	nan	nan
11.98	nan	nan	nan
11.99	nan	nan	nan
11.999999999999998	nan	nan	nan
12.01	nan	nan	nan
12.02	nan	nan	nan
12.03	nan	nan	nan
12.04	nan	nan	nan
12.049999999999999	nan	nan	nan
12.06	nan	nan	nan
12.07	nan	nan	nan
12.08	nan	nan	nan
12.09	nan	nan	nan
12.100000000000001	nan	nan	nan
12.11	nan	nan	nan
12.12	nan	nan	nan
12.129999999999999	nan	nan	nan
12.139999999999999	nan	nan	nan
12.15	nan	nan	nan
12.16	nan	nan	nan
12.17	nan	nan	nan
12.18	nan	nan	nan
12.19	nan	nan	nan
12.200000000000001	nan	nan	nan
12.209999999999999	nan	nan	nan
12.219999999999999	nan	nan	nan
12.229999999999999	nan	nan	nan
12.24	nan	nan	nan
12.25	nan	nan	nan
12.26	nan	nan	nan
12.27	nan	nan	nan
12.28	nan	nan	nan
12.290000000000001	nan	nan	nan
12.3	nan	nan	nan
12.309999999999999	nan	nan	nan
12.319999999999999	nan	nan	nan
12.33	nan	nan	nan
12.34	nan	nan	nan
12.35	nan	nan	nan
12.36	nan	nan	nan
12.37	nan	nan	nan
12.38	nan	nan	nan
12.39	nan	nan	nan
12.4	nan	nan	nan
12.409999999999998	nan	nan	nan
12.42	nan	nan	nan
12.43	nan	nan	nan
12.44	nan	nan	nan
12.45	nan	nan	nan
12.459999999999999	nan	nan	nan
12.47	nan	nan	nan
12.48	nan	nan	nan
12.49	nan	nan	nan
12.5	nan	nan	nan
12.51	nan	nan	nan
12.52	nan	nan	nan
12.53	nan	nan	nan
12.54	nan	nan	nan
12.549999999999999	nan	nan	nan
12.56	nan	nan	nan
12.57	nan	nan	nan
12.58	nan	nan	nan
12.59	nan	nan	nan
12.6	nan	nan	nan
12.61	nan	nan	nan
12.62	nan	nan	nan
12.629999999999999	nan	nan	nan
12.639999999999999	nan	nan	nan
12.65	nan	nan	nan
12.66	nan	nan	nan
12.67	nan	nan	nan
12.68	nan	nan	nan
12.69	nan	nan	nan
12.700000000000001	nan	nan	nan
12.709999999999999	nan	nan	nan
12.719999999999999	nan	nan	nan
12.729999999999999	nan	nan	nan
12.74	nan	nan	nan
12.75	nan	nan	nan
12.76	nan	nan	nan
12.77	nan	nan	nan
12.78	nan	nan	nan
12.790000000000001	nan	nan	nan
12.8	nan	nan	nan
12.809999999999999	nan	nan	nan
12.819999999999999	nan	nan	nan
12.83	nan	nan	nan
12.84	nan	nan	nan
12.85	nan	nan	nan
12.86	nan	nan	nan
12.87	nan	nan	nan
12.88	nan	nan	nan
12.89	nan	nan	nan
12.9	nan	nan	nan
12.91	nan	nan	nan
12.92	nan	nan	nan
12.93	nan	nan	nan
12.94	nan	nan	nan
12.95	nan	nan	nan
12.959999999999999	nan	nan	nan
12.97	nan	nan	nan
12.98	nan	nan	nan
12.99	nan	nan	nan
13.0	nan	nan	nan
13.01	nan	nan	nan
13.02	nan	nan	nan
13.03	nan	nan	nan
13.04	nan	nan	nan
13.049999999999999	nan	nan	nan
13.06	nan	nan	nan
13.07	nan	nan	nan
13.08	nan	nan	nan
13.09	nan	nan	nan
13.1	nan	nan	nan
13.110000000000001	nan	nan	nan
13.12	nan	nan	nan
13.129999999999999	nan	nan	nan
13.139999999999999	nan	nan	nan
13.15	nan	nan	nan
13.16	nan	nan	nan
13.17	nan	nan	nan
13.18	nan	nan	nan
13.19	nan	nan	nan
13.200000000000001	nan	nan	nan
13.21	nan	nan	nan
13.219999999999999	nan	nan	nan
13.229999999999999	nan	nan	nan
13.239999999999998	nan	nan	nan
13.25	nan	nan	nan
13.26	nan	nan	nan
13.27	nan	nan	nan
13.28	nan	nan	nan
13.290000000000001	nan	nan	nan
13.3	nan	nan	nan
13.31	nan	nan	nan
13.319999999999999	nan	nan	nan
13.329999999999998	nan	nan	nan
13.34	nan	nan	nan
13.35	nan	nan	nan
13.36	nan	nan	nan
13.37	nan	nan	nan
13.38	nan	nan	nan
13.39	nan	nan	nan
13.4	nan	nan	nan
13.41	nan	nan	nan
13.419999999999998	nan	nan	nan
13.43	nan	nan	nan
13.44	nan	nan	nan
13.45	nan	nan	nan
13.459999999999999	nan	nan	nan
13.47	nan	nan	nan
13.48	nan	nan	nan
13.49	nan	nan	nan
13.5	nan	nan	nan
13.51	nan	nan	nan
13.52	nan	nan	nan
13.53	nan	nan	nan
13.54	nan	nan	nan
13.549999999999999	nan	nan	nan
13.559999999999999	nan	nan	nan
13.57	nan	nan	nan
13.58	nan	nan	nan
13.59	nan	nan	nan
13.6	nan	nan	nan
13.610000000000001	nan	nan	nan
13.62	nan	nan	nan
13.629999999999999	nan	nan	nan
13.639999999999999	nan	nan	nan
13.649999999999999	nan	nan	nan
13.66	nan	nan	nan
13.67	nan	nan	nan
13.68	nan	nan	nan
13.69	nan	nan	nan
13.700000000000001	nan	nan	nan
13.71	nan	nan	nan
13.72	nan	nan	nan
13.729999999999999	nan	nan	nan
13.739999999999998	nan	nan	nan
13.75	nan	nan	nan
13.76	nan	nan	nan
13.77	nan	nan	nan
13.78	nan	nan	nan
13.79	nan	nan	nan
13.8	nan	nan	nan
13.81	nan	nan	nan
13.82	nan	nan	nan
13.829999999999998	nan	nan	nan
13.84	nan	nan	nan
13.85	nan	nan	nan
13.86	nan	nan	nan
13.87	nan	nan	nan
13.879999999999999	nan	nan	nan
13.89	nan	nan	nan
13.9	nan	nan	nan
13.91	nan	nan	nan
13.92	nan	nan	nan
13.93	nan	nan	nan
13.94	nan	nan	nan
13.95	nan	nan	nan
13.959999999999999	nan	nan	nan
13.969999999999999	nan	nan	nan
13.98	nan	nan	nan
13.99	nan	nan	nan
14.0	nan	nan	nan
14.01	nan	nan	nan
14.02	nan	nan	nan
14.03	nan	nan	nan
14.04	nan	nan	nan
14.049999999999999	nan	nan	nan
14.059999999999999	nan	nan	nan
14.07	nan	nan	nan
14.08	nan	nan	nan
14.09	nan	nan	nan
14.1	nan	nan	nan
14.11	nan	nan	nan
14.120000000000001	nan	nan	nan
14.129999999999999	nan	nan	nan
14.139999999999999	nan	nan	nan
14.149999999999999	nan	nan	nan
14.16	nan	nan	nan
14.17	nan	nan	nan
14.18	nan	nan	nan
14.19	nan	nan	nan
14.2	nan	nan	nan
14.21	nan	nan	nan
14.22	nan	nan	nan
14.229999999999999	nan	nan	nan
14.239999999999998	nan	nan	nan
14.25	nan	nan	nan
14.26	nan	nan	nan
14.27	nan	nan	nan
14.28	nan	nan	nan
14.29	nan	nan	nan
14.3	nan	nan	nan
14.31	nan	nan	nan
14.32	nan	nan	nan
14.329999999999998	nan	nan	nan
14.34	nan	nan	nan
14.35	nan	nan	nan
14.36	nan	nan	nan
14.37	nan	nan	nan
14.379999999999999	nan	nan	nan
14.39	nan	nan	nan
14.4	nan	nan	nan
14.41	nan	nan	nan
14.42	nan	nan	nan
14.43	nan	nan	nan
14.44	nan	nan	nan
14.45	nan	nan	nan
14.459999999999999	nan	nan	nan
14.469999999999999	nan	nan	nan
14.48	nan	nan	nan
14.49	nan	nan	nan
14.5	nan	nan	nan
14.51	nan	nan	nan
14.52	nan	nan	nan
14.530000000000001	nan	nan	nan
14.54	nan	nan	nan
14.549999999999999	nan	nan	nan
14.559999999999999	nan	nan	nan
14.57	nan	nan	nan
14.58	nan	nan	nan
14.589999999999998	nan	nan	nan
14.6	nan	nan	nan
14.609999999999998	nan	nan	nan
14.620000000000001	nan	nan	nan
14.629999999999999	nan	nan	nan
14.64	nan	nan	nan
14.649999999999999	nan	nan	nan
14.66	nan	nan	nan
14.67	nan	nan	nan
14.680000000000001	nan	nan	nan
14.69	nan	nan	nan
14.699999999999998	nan	nan	nan
14.71	nan	nan	nan
14.719999999999999	nan	nan	nan
14.73	nan	nan	nan
14.739999999999998	nan	nan	nan
14.75	nan	nan	nan
14.76	nan	nan	nan
14.770000000000001	nan	nan	nan
14.78	nan	nan	nan
14.789999999999997	nan	nan	nan
14.8	nan	nan	nan
14.809999999999999	nan	nan	nan
14.82	nan	nan	nan
14.829999999999998	nan	nan	nan
14.84	nan	nan	nan
14.85	nan	nan	nan
14.860000000000001	nan	nan	nan
14.87	nan	nan	nan
14.88	nan	nan	nan
14.89	nan	nan	nan
14.899999999999999	nan	nan	nan
14.91	nan	nan	nan
14.919999999999998	nan	nan	nan
14.93	nan	nan	nan
14.94	nan	nan	nan
14.950000000000001	nan	nan	nan
14.959999999999999	nan	nan	nan
14.97	nan	nan	nan
14.98	nan	nan	nan
14.989999999999998	nan	nan	nan
15.0	nan	nan	nan
15.009999999999998	nan	nan	nan
15.02	nan	nan	nan
15.03	nan	nan	nan
15.040000000000001	nan	nan	nan
15.049999999999999	nan	nan	nan
15.06	nan	nan	nan
15.07	nan	nan	nan
15.080000000000002	nan	nan	nan
15.09	nan	nan	nan
15.099999999999998	nan	nan	nan
15.11	nan	nan	nan
15.12	nan	nan	nan
15.13	nan	nan	nan
15.139999999999999	nan	nan	nan
15.15	nan	nan	nan
15.159999999999998	nan	nan	nan
15.170000000000002	nan	nan	nan
15.18	nan	nan	nan
15.189999999999998	nan	nan	nan
15.2	nan	nan	nan
15.209999999999999	nan	nan	nan
15.22	nan	nan	nan
15.229999999999999	nan	nan	nan
15.24	nan	nan	nan
15.249999999999998	nan	nan	nan
15.260000000000002	nan	nan	nan
15.27	nan	nan	nan
15.280000000000001	nan	nan	nan
15.29	nan	nan	nan
15.299999999999999	nan	nan	nan
15.31	nan	nan	nan
15.319999999999999	nan	nan	nan
15.33	nan	nan	nan
15.339999999999998	nan	nan	nan
15.350000000000001	nan	nan	nan
15.36	nan	nan	nan
15.370000000000001	nan	nan	nan
15.379999999999999	nan	nan	nan
15.39	nan	nan	nan
15.4	nan	nan	nan
15.409999999999998	nan	nan	nan
15.42	nan	nan	nan
15.429999999999998	nan	nan	nan
15.440000000000001	nan	nan	nan
15.45	nan	nan	nan
15.46	nan	nan	nan
15.469999999999999	nan	nan	nan
15.48	nan	nan	nan
15.49	nan	nan	nan
15.499999999999998	nan	nan	nan
15.51	nan	nan	nan
15.519999999999998	nan	nan	nan
15.530000000000001	nan	nan	nan
15.54	nan	nan	nan
15.55	nan	nan	nan
15.559999999999999	nan	nan	nan
15.57	nan	nan	nan
15.58	nan	nan	nan
15.590000000000002	nan	nan	nan
15.6	nan	nan	nan
15.609999999999998	nan	nan	nan
15.62	nan	nan	nan
15.629999999999999	nan	nan	nan
15.64	nan	nan	nan
15.649999999999999	nan	nan	nan
15.66	nan	nan	nan
15.67	nan	nan	nan
15.680000000000001	nan	nan	nan
15.69	nan	nan	nan
15.699999999999998	nan	nan	nan
15.709999999999999	nan	nan	nan
15.719999999999999	nan	nan	nan
15.73	nan	nan	nan
15.739999999999998	nan	nan	nan
15.75	nan	nan	nan
15.76	nan	nan	nan
15.770000000000001	nan	nan	nan
15.78	nan	nan	nan
15.790000000000001	nan	nan	nan
15.799999999999999	nan	nan	nan
15.809999999999999	nan	nan	nan
15.82	nan	nan	nan
15.829999999999998	nan	nan	nan
15.84	nan	nan	nan
15.85	nan	nan	nan
15.860000000000001	nan	nan	nan
15.87	nan	nan	nan
15.88	nan	nan	nan
15.889999999999999	nan	nan	nan
15.899999999999999	nan	nan	nan
15.91	nan	nan	nan
15.919999999999998	nan	nan	nan
15.93	nan	nan	nan
15.94	nan	nan	nan
15.950000000000001	nan	nan	nan
15.959999999999999	nan	nan	nan
15.97	nan	nan	nan
15.979999999999999	nan	nan	nan
15.990000000000002	nan	nan	nan
16.0	nan	nan	nan
16.009999999999998	nan	nan	nan
16.02	nan	nan	nan
16.029999999999998	nan	nan	nan
16.04	nan	nan	nan
16.049999999999997	nan	nan	nan
16.060000000000002	nan	nan	nan
16.07	nan	nan	nan
16.080000000000002	nan	nan	nan
16.09	nan	nan	nan
16.1	nan	nan	nan
16.11	nan	nan	nan
16.119999999999997	nan	nan	nan
16.13	nan	nan	nan
16.139999999999997	nan	nan	nan
16.150000000000002	nan	nan	nan
16.16	nan	nan	nan
16.17	nan	nan	nan
16.18	nan	nan	nan
16.19	nan	nan	nan
16.2	nan	nan	nan
16.209999999999997	nan	nan	nan
16.22	nan	nan	nan
16.229999999999997	nan	nan	nan
16.240000000000002	nan	nan	nan
16.25	nan	nan	nan
16.26	nan	nan	nan
16.27	nan	nan	nan
16.28	nan	nan	nan
16.29	nan	nan	nan
16.3	nan	nan	nan
16.31	nan	nan	nan
16.319999999999997	nan	nan	nan
16.330000000000002	nan	nan	nan
16.34	nan	nan	nan
16.35	nan	nan	nan
16.36	nan	nan	nan
16.37	nan	nan	nan
16.38	nan	nan	nan
16.39	nan	nan	nan
16.4	nan	nan	nan
16.409999999999997	nan	nan	nan
16.419999999999998	nan	nan	nan
16.43	nan	nan	nan
16.44	nan	nan	nan
16.45	nan	nan	nan
16.46	nan	nan	nan
16.47	nan	nan	nan
16.48	nan	nan	nan
16.49	nan	nan	nan
16.5	nan	nan	nan
16.509999999999998	nan	nan	nan
16.52	nan	nan	nan
16.53	nan	nan	nan
16.54	nan	nan	nan
16.55	nan	nan	nan
16.56	nan	nan	nan
16.57	nan	nan	nan
16.58	nan	nan	nan
16.59	nan	nan	nan
16.599999999999998	nan	nan	nan
16.61	nan	nan	nan
16.62	nan	nan	nan
16.63	nan	nan	nan
16.64	nan	nan	nan
16.65	nan	nan	nan
16.66	nan	nan	nan
16.669999999999998	nan	nan	nan
16.68	nan	nan	nan
16.689999999999998	nan	nan	nan
16.700000000000003	nan	nan	nan
16.71	nan	nan	nan
16.72	nan	nan	nan
16.73	nan	nan	nan
16.74	nan	nan	nan
16.75	nan	nan	nan
16.759999999999998	nan	nan	nan
16.77	nan	nan	nan
16.779999999999998	nan	nan	nan
16.790000000000003	nan	nan	nan
16.8	nan	nan	nan
16.81	nan	nan	nan
16.82	nan	nan	nan
16.83	nan	nan	nan
16.84	nan	nan	nan
16.849999999999998	nan	nan	nan
16.86	nan	nan	nan
16.869999999999997	nan	nan	nan
16.88	nan	nan	nan
16.89	nan	nan	nan
16.900000000000002	nan	nan	nan
16.91	nan	nan	nan
16.919999999999998	nan	nan	nan
16.93	nan	nan	nan
16.939999999999998	nan	nan	nan
16.95	nan	nan	nan
16.959999999999997	nan	nan	nan
16.97	nan	nan	nan
16.98	nan	nan	nan
16.990000000000002	nan	nan	nan
17.0	nan	nan	nan
17.01	nan	nan	nan
17.02	nan	nan	nan
17.029999999999998	nan	nan	nan
17.04	nan	nan	nan
17.049999999999997	nan	nan	nan
17.06	nan	nan	nan
17.07	nan	nan	nan
17.080000000000002	nan	nan	nan
17.09	nan	nan	nan
17.1	nan	nan	nan
17.11	nan	nan	nan
17.119999999999997	nan	nan	nan
17.13	nan	nan	nan
17.139999999999997	nan	nan	nan
17.15	nan	nan	nan
17.16	nan	nan	nan
17.17	nan	nan	nan
17.18	nan	nan	nan
17.19	nan	nan	nan
17.2	nan	nan	nan
17.21	nan	nan	nan
17.22	nan	nan	nan
17.229999999999997	nan	nan	nan
17.24	nan	nan	nan
17.25	nan	nan	nan
17.26	nan	nan	nan
17.27	nan	nan	nan
17.28	nan	nan	nan
17.29	nan	nan	nan
17.3	nan	nan	nan
17.31	nan	nan	nan
17.319999999999997	nan	nan	nan
17.33	nan	nan	nan
17.34	nan	nan	nan
17.35	nan	nan	nan
17.36	nan	nan	nan
17.37	nan	nan	nan
17.38	nan	nan	nan
17.39	nan	nan	nan
17.4	nan	nan	nan
17.41	nan	nan	nan
17.419999999999998	nan	nan	nan
17.43	nan	nan	nan
17.44	nan	nan	nan
17.45	nan	nan	nan
17.46	nan	nan	nan
17.47	nan	nan	nan
17.48	nan	nan	nan
17.49	nan	nan	nan
17.5	nan	nan	nan
17.509999999999998	nan	nan	nan
17.52	nan	nan	nan
17.53	nan	nan	nan
17.54	nan	nan	nan
17.55	nan	nan	nan
17.56	nan	nan	nan
17.57	nan	nan	nan
17.58	nan	nan	nan
17.59	nan	nan	nan
17.599999999999998	nan	nan	nan
17.61	nan	nan	nan
17.62	nan	nan	nan
17.63	nan	nan	nan
17.64	nan	nan	nan
17.65	nan	nan	nan
17.66	nan	nan	nan
17.669999999999998	nan	nan	nan
17.68	nan	nan	nan
17.689999999999998	nan	nan	nan
17.7	nan	nan	nan
17.71	nan	nan	nan
17.720000000000002	nan	nan	nan
17.73	nan	nan	nan
17.74	nan	nan	nan
17.75	nan	nan	nan
17.759999999999998	nan	nan	nan
17.77	nan	nan	nan
17.779999999999998	nan	nan	nan
17.79	nan	nan	nan
17.8	nan	nan	nan
17.810000000000002	nan	nan	nan
17.82	nan	nan	nan
17.83	nan	nan	nan
17.84	nan	nan	nan
17.849999999999998	nan	nan	nan
17.86	nan	nan	nan
17.869999999999997	nan	nan	nan
17.88	nan	nan	nan
17.89	nan	nan	nan
17.900000000000002	nan	nan	nan
17.91	nan	nan	nan
17.92	nan	nan	nan
17.93	nan	nan	nan
17.939999999999998	nan	nan	nan
17.95	nan	nan	nan
17.959999999999997	nan	nan	nan
17.97	nan	nan	nan
17.98	nan	nan	nan
17.990000000000002	nan	nan	nan
18.0	nan	nan	nan
18.01	nan	nan	nan
18.02	nan	nan	nan
18.029999999999998	nan	nan	nan
18.04	nan	nan	nan
18.049999999999997	nan	nan	nan
18.06	nan	nan	nan
18.07	nan	nan	nan
18.080000000000002	nan	nan	nan
18.09	nan	nan	nan
18.1	nan	nan	nan
18.11	nan	nan	nan
18.12	nan	nan	nan
18.13	nan	nan	nan
18.139999999999997	nan	nan	nan
18.15	nan	nan	nan
18.16	nan	nan	nan
18.17	nan	nan	nan
18.18	nan	nan	nan
18.19	nan	nan	nan
18.2	nan	nan	nan
18.21	nan	nan	nan
18.22	nan	nan	nan
18.229999999999997	nan	nan	nan
18.24	nan	nan	nan
18.25	nan	nan	nan
18.26	nan	nan	nan
18.27	nan	nan	nan
18.28	nan	nan	nan
18.29	nan	nan	nan
18.3	nan	nan	nan
18.31	nan	nan	nan
18.32	nan	nan	nan
18.33	nan	nan	nan
18.34	nan	nan	nan
18.35	nan	nan	nan
18.36	nan	nan	nan
18.37	nan	nan	nan
18.38	nan	nan	nan
18.39	nan	nan	nan
18.4	nan	nan	nan
18.41	nan	nan	nan
18.419999999999998	nan	nan	nan
18.43	nan	nan	nan
18.44	nan	nan	nan
18.45	nan	nan	nan
18.46	nan	nan	nan
18.47	nan	nan	nan
18.48	nan	nan	nan
18.49	nan	nan	nan
18.5	nan	nan	nan
18.509999999999998	nan	nan	nan
18.52	nan	nan	nan
18.53	nan	nan	nan
18.54	nan	nan	nan
18.55	nan	nan	nan
18.56	nan	nan	nan
18.57	nan	nan	nan
18.58	nan	nan	nan
18.59	nan	nan	nan
18.599999999999998	nan	nan	nan
18.61	nan	nan	nan
18.62	nan	nan	nan
18.630000000000003	nan	nan	nan
18.64	nan	nan	nan
18.65	nan	nan	nan
18.66	nan	nan	nan
18.669999999999998	nan	nan	nan
18.68	nan	nan	nan
18.689999999999998	nan	nan	nan
18.7	nan	nan	nan
18.71	nan	nan	nan
18.720000000000002	nan	nan	nan
18.73	nan	nan	nan
18.74	nan	nan	nan
18.75	nan	nan	nan
18.759999999999998	nan	nan	nan
18.77	nan	nan	nan
18.779999999999998	nan	nan	nan
18.79	nan	nan	nan
18.8	nan	nan	nan
18.810000000000002	nan	nan	nan
18.82	nan	nan	nan
18.830000000000002	nan	nan	nan
18.84	nan	nan	nan
18.849999999999998	nan	nan	nan
18.86	nan	nan	nan
18.869999999999997	nan	nan	nan
18.88	nan	nan	nan
18.89	nan	nan	nan
18.900000000000002	nan	nan	nan
18.91	nan	nan	nan
18.92	nan	nan	nan
18.93	nan	nan	nan
18.939999999999998	nan	nan	nan
18.95	nan	nan	nan
18.959999999999997	nan	nan	nan
18.97	nan	nan	nan
18.98	nan	nan	nan
18.990000000000002	nan	nan	nan
19.0	nan	nan	nan
19.01	nan	nan	nan
19.02	nan	nan	nan
19.03	nan	nan	nan
19.04	nan	nan	nan
19.049999999999997	nan	nan	nan
19.06	nan	nan	nan
19.07	nan	nan	nan
19.080000000000002	nan	nan	nan
19.09	nan	nan	nan
19.1	nan	nan	nan
19.11	nan	nan	nan
19.12	nan	nan	nan
19.13	nan	nan	nan
19.139999999999997	nan	nan	nan
19.15	nan	nan	nan
19.159999999999997	nan	nan	nan
19.17	nan	nan	nan
19.18	nan	nan	nan
19.19	nan	nan	nan
19.2	nan	nan	nan
19.21	nan	nan	nan
19.22	nan	nan	nan
19.23	nan	nan	nan
19.24	nan	nan	nan
19.249999999999996	nan	nan	nan
19.26	nan	nan	nan
19.27	nan	nan	nan
19.28	nan	nan	nan
19.29	nan	nan	nan
19.3	nan	nan	nan
19.31	nan	nan	nan
19.32	nan	nan	nan
19.33	nan	nan	nan
19.34	nan	nan	nan
19.35	nan	nan	nan
19.36	nan	nan	nan
19.37	nan	nan	nan
19.38	nan	nan	nan
19.39	nan	nan	nan
19.4	nan	nan	nan
19.41	nan	nan	nan
19.419999999999998	nan	nan	nan
19.43	nan	nan	nan
19.44	nan	nan	nan
19.45	nan	nan	nan
19.46	nan	nan	nan
19.47	nan	nan	nan
19.48	nan	nan	nan
19.49	nan	nan	nan
19.5	nan	nan	nan
19.509999999999998	nan	nan	nan
19.52	nan	nan	nan
19.53	nan	nan	nan
19.540000000000003	nan	nan	nan
19.55	nan	nan	nan
19.56	nan	nan	nan
19.57	nan	nan	nan
19.58	nan	nan	nan
19.59	nan	nan	nan
19.599999999999998	nan	nan	nan
19.61	nan	nan	nan
19.619999999999997	nan	nan	nan
19.630000000000003	nan	nan	nan
19.64	nan	nan	nan
19.65	nan	nan	nan
19.66	nan	nan	nan
19.669999999999998	nan	nan	nan
19.68	nan	nan	nan
19.689999999999998	nan	nan	nan
19.7	nan	nan	nan
19.709999999999997	nan	nan	nan
19.720000000000002	nan	nan	nan
19.73	nan	nan	nan
19.740000000000002	nan	nan	nan
19.75	nan	nan	nan
19.759999999999998	nan	nan	nan
19.77	nan	nan	nan
19.779999999999998	nan	nan	nan
19.79	nan	nan	nan
19.799999999999997	nan	nan	nan
19.810000000000002	nan	nan	nan
19.82	nan	nan	nan
19.830000000000002	nan	nan	nan
19.84	nan	nan	nan
19.849999999999998	nan	nan	nan
19.86	nan	nan	nan
19.869999999999997	nan	nan	nan
19.88	nan	nan	nan
19.889999999999997	nan	nan	nan
