# time of execution: 2021-05-29 23:08:49
#model:m3tm
### simulation parameters ###
# timestep dt=1e-16[s]
# initial temperature:295.0[K]
# initial magnetization [x,y,z]:[0.0, 0.0, 0.96925]
### sample paramters ###
# Sample: Nickel
# S=0.5
# mu_at=0.616[mu_B]
# nx=1	ny=1	nz=1
# dx=3.524e-10	dy=3.524e-10	dz=3.524e-10	[m]
# atoms per unit cell:4
# asf=0.01
# gep=4.05e+18[W/m^3/K]
# factor cv_el=5500[J/m^3/K^2]
# cv_ph=2330000.0[J/m^3/K]
# Tc=633[K]
# T_Deb=360[K]
### pulse paramters ###
# peak power:1.4e+22[W/m^3]
# sigma=1.8e-14[s]
# delay=1e-11[s]
#############################
# time [ps]	magnetization	T_e [K]	T_p [K]	E_tot [J/m^3]	E_el [J/m^3]	E_ph [J/m^3]	E_spin [J/m^3]
0.0	0.96925	295.0	295.0	0	0	0	0
0.01	0.9692500535869008	295.0	295.0	0.0	0.0	0.0	0.0
0.02	0.9692501052534882	295.0	295.0	0.0	0.0	0.0	0.0
0.03	0.9692501550685767	295.0	295.0	0.0	0.0	0.0	0.0
0.04	0.969250203098516	295.0	295.0	0.0	0.0	0.0	0.0
0.05	0.9692502494072783	295.0	295.0	0.0	0.0	0.0	0.0
0.06	0.9692502940565403	295.0	295.0	0.0	0.0	0.0	0.0
0.07	0.9692503371057736	295.0	295.0	0.0	0.0	0.0	0.0
0.08	0.9692503786123144	295.0	295.0	0.0	0.0	0.0	0.0
0.09	0.9692504186314463	295.0	295.0	0.0	0.0	0.0	0.0
0.1	0.969250457216471	295.0	295.0	0.0	0.0	0.0	0.0
0.11	0.9692504944187804	295.0	295.0	0.0	0.0	0.0	0.0
0.12	0.9692505302879252	295.0	295.0	0.0	0.0	0.0	0.0
0.13	0.9692505648716793	295.0	295.0	0.0	0.0	0.0	0.0
0.14	0.969250598216106	295.0	295.0	0.0	0.0	0.0	0.0
0.15	0.9692506303656172	295.0	295.0	0.0	0.0	0.0	0.0
0.16	0.969250661363032	295.0	295.0	0.0	0.0	0.0	0.0
0.17	0.9692506912496374	295.0	295.0	0.0	0.0	0.0	0.0
0.18	0.9692507200652389	295.0	295.0	0.0	0.0	0.0	0.0
0.19	0.9692507478482177	295.0	295.0	0.0	0.0	0.0	0.0
0.2	0.969250774635578	295.0	295.0	0.0	0.0	0.0	0.0
0.21	0.9692508004629985	295.0	295.0	0.0	0.0	0.0	0.0
0.22	0.9692508253648778	295.0	295.0	0.0	0.0	0.0	0.0
0.22999999999999998	0.9692508493743847	295.0	295.0	0.0	0.0	0.0	0.0
0.24	0.9692508725234961	295.0	295.0	0.0	0.0	0.0	0.0
0.25	0.9692508948430459	295.0	295.0	0.0	0.0	0.0	0.0
0.26	0.9692509163627617	295.0	295.0	0.0	0.0	0.0	0.0
0.27	0.9692509371113069	295.0	295.0	0.0	0.0	0.0	0.0
0.28	0.9692509571163146	295.0	295.0	0.0	0.0	0.0	0.0
0.29	0.9692509764044315	295.0	295.0	0.0	0.0	0.0	0.0
0.3	0.9692509950013481	295.0	295.0	0.0	0.0	0.0	0.0
0.31	0.9692510129318322	295.0	295.0	0.0	0.0	0.0	0.0
0.32	0.9692510302197674	295.0	295.0	0.0	0.0	0.0	0.0
0.33	0.9692510468881806	295.0	295.0	0.0	0.0	0.0	0.0
0.34	0.9692510629592702	295.0	295.0	0.0	0.0	0.0	0.0
0.35	0.9692510784544435	295.0	295.0	0.0	0.0	0.0	0.0
0.36	0.9692510933943388	295.0	295.0	0.0	0.0	0.0	0.0
0.37	0.969251107798853	295.0	295.0	0.0	0.0	0.0	0.0
0.38	0.9692511216871718	295.0	295.0	0.0	0.0	0.0	0.0
0.39	0.9692511350777957	295.0	295.0	0.0	0.0	0.0	0.0
0.4	0.9692511479885588	295.0	295.0	0.0	0.0	0.0	0.0
0.41	0.9692511604366557	295.0	295.0	0.0	0.0	0.0	0.0
0.42	0.9692511724386681	295.0	295.0	0.0	0.0	0.0	0.0
0.43	0.9692511840105831	295.0	295.0	0.0	0.0	0.0	0.0
0.44	0.9692511951678088	295.0	295.0	0.0	0.0	0.0	0.0
0.45	0.9692512059252105	295.0	295.0	0.0	0.0	0.0	0.0
0.45999999999999996	0.9692512162971133	295.0	295.0	0.0	0.0	0.0	0.0
0.47000000000000003	0.9692512262973327	295.0	295.0	0.0	0.0	0.0	0.0
0.48	0.9692512359391884	295.0	295.0	0.0	0.0	0.0	0.0
0.49000000000000005	0.9692512452355215	295.0	295.0	0.0	0.0	0.0	0.0
0.5	0.9692512541987148	295.0	295.0	0.0	0.0	0.0	0.0
0.5099999999999999	0.969251262840707	295.0	295.0	0.0	0.0	0.0	0.0
0.52	0.9692512711730082	295.0	295.0	0.0	0.0	0.0	0.0
0.5299999999999999	0.9692512792067162	295.0	295.0	0.0	0.0	0.0	0.0
0.54	0.9692512869525309	295.0	295.0	0.0	0.0	0.0	0.0
0.5499999999999999	0.9692512944207701	295.0	295.0	0.0	0.0	0.0	0.0
0.56	0.9692513016213808	295.0	295.0	0.0	0.0	0.0	0.0
0.57	0.9692513085639531	295.0	295.0	0.0	0.0	0.0	0.0
0.58	0.9692513152577337	295.0	295.0	0.0	0.0	0.0	0.0
0.59	0.9692513217116392	295.0	295.0	0.0	0.0	0.0	0.0
0.6	0.969251327934265	295.0	295.0	0.0	0.0	0.0	0.0
0.61	0.9692513339338993	295.0	295.0	0.0	0.0	0.0	0.0
0.62	0.9692513397185328	295.0	295.0	0.0	0.0	0.0	0.0
0.6299999999999999	0.9692513452958711	295.0	295.0	0.0	0.0	0.0	0.0
0.64	0.9692513506733411	295.0	295.0	0.0	0.0	0.0	0.0
0.6499999999999999	0.9692513558581073	295.0	295.0	0.0	0.0	0.0	0.0
0.66	0.9692513608570743	295.0	295.0	0.0	0.0	0.0	0.0
0.6699999999999999	0.9692513656768994	295.0	295.0	0.0	0.0	0.0	0.0
0.68	0.9692513703240028	295.0	295.0	0.0	0.0	0.0	0.0
0.69	0.969251374804574	295.0	295.0	0.0	0.0	0.0	0.0
0.7	0.9692513791245818	295.0	295.0	0.0	0.0	0.0	0.0
0.71	0.9692513832897792	295.0	295.0	0.0	0.0	0.0	0.0
0.72	0.9692513873057149	295.0	295.0	0.0	0.0	0.0	0.0
0.73	0.9692513911777367	295.0	295.0	0.0	0.0	0.0	0.0
0.74	0.9692513949110021	295.0	295.0	0.0	0.0	0.0	0.0
0.7499999999999999	0.9692513985104846	295.0	295.0	0.0	0.0	0.0	0.0
0.76	0.9692514019809766	295.0	295.0	0.0	0.0	0.0	0.0
0.7699999999999999	0.9692514053271015	295.0	295.0	0.0	0.0	0.0	0.0
0.78	0.9692514085533159	295.0	295.0	0.0	0.0	0.0	0.0
0.7899999999999999	0.9692514116639176	295.0	295.0	0.0	0.0	0.0	0.0
0.8	0.9692514146630475	295.0	295.0	0.0	0.0	0.0	0.0
0.8099999999999999	0.9692514175547023	295.0	295.0	0.0	0.0	0.0	0.0
0.82	0.9692514203427333	295.0	295.0	0.0	0.0	0.0	0.0
0.83	0.9692514230308534	295.0	295.0	0.0	0.0	0.0	0.0
0.84	0.9692514256226428	295.0	295.0	0.0	0.0	0.0	0.0
0.85	0.9692514281215547	295.0	295.0	0.0	0.0	0.0	0.0
0.86	0.9692514305309163	295.0	295.0	0.0	0.0	0.0	0.0
0.87	0.9692514328539374	295.0	295.0	0.0	0.0	0.0	0.0
0.88	0.9692514350937101	295.0	295.0	0.0	0.0	0.0	0.0
0.8899999999999999	0.9692514372532186	295.0	295.0	0.0	0.0	0.0	0.0
0.9	0.9692514393353402	295.0	295.0	0.0	0.0	0.0	0.0
0.9099999999999999	0.9692514413428478	295.0	295.0	0.0	0.0	0.0	0.0
0.9199999999999999	0.9692514432784155	295.0	295.0	0.0	0.0	0.0	0.0
0.93	0.9692514451446205	295.0	295.0	0.0	0.0	0.0	0.0
0.9400000000000001	0.9692514469439497	295.0	295.0	0.0	0.0	0.0	0.0
0.95	0.9692514486787985	295.0	295.0	0.0	0.0	0.0	0.0
0.96	0.9692514503514784	295.0	295.0	0.0	0.0	0.0	0.0
0.9699999999999999	0.9692514519642162	295.0	295.0	0.0	0.0	0.0	0.0
0.9800000000000001	0.9692514535191601	295.0	295.0	0.0	0.0	0.0	0.0
0.99	0.969251455018382	295.0	295.0	0.0	0.0	0.0	0.0
1.0	0.9692514564638776	295.0	295.0	0.0	0.0	0.0	0.0
1.01	0.9692514578575736	295.0	295.0	0.0	0.0	0.0	0.0
1.0199999999999998	0.969251459201325	295.0	295.0	0.0	0.0	0.0	0.0
1.03	0.9692514604969236	295.0	295.0	0.0	0.0	0.0	0.0
1.04	0.9692514617460929	295.0	295.0	0.0	0.0	0.0	0.0
1.05	0.9692514629504985	295.0	295.0	0.0	0.0	0.0	0.0
1.0599999999999998	0.9692514641117419	295.0	295.0	0.0	0.0	0.0	0.0
1.0699999999999998	0.9692514652313723	295.0	295.0	0.0	0.0	0.0	0.0
1.08	0.9692514663108801	295.0	295.0	0.0	0.0	0.0	0.0
1.09	0.9692514673517021	295.0	295.0	0.0	0.0	0.0	0.0
1.0999999999999999	0.9692514683552257	295.0	295.0	0.0	0.0	0.0	0.0
1.1099999999999999	0.9692514693227879	295.0	295.0	0.0	0.0	0.0	0.0
1.12	0.9692514702556768	295.0	295.0	0.0	0.0	0.0	0.0
1.1300000000000001	0.9692514711551345	295.0	295.0	0.0	0.0	0.0	0.0
1.14	0.9692514720223601	295.0	295.0	0.0	0.0	0.0	0.0
1.15	0.9692514728585077	295.0	295.0	0.0	0.0	0.0	0.0
1.16	0.9692514736646918	295.0	295.0	0.0	0.0	0.0	0.0
1.1700000000000002	0.9692514744419856	295.0	295.0	0.0	0.0	0.0	0.0
1.18	0.9692514751914256	295.0	295.0	0.0	0.0	0.0	0.0
1.19	0.9692514759140092	295.0	295.0	0.0	0.0	0.0	0.0
1.2	0.9692514766106982	295.0	295.0	0.0	0.0	0.0	0.0
1.21	0.9692514772824207	295.0	295.0	0.0	0.0	0.0	0.0
1.22	0.9692514779300713	295.0	295.0	0.0	0.0	0.0	0.0
1.23	0.9692514785545128	295.0	295.0	0.0	0.0	0.0	0.0
1.24	0.9692514791565788	295.0	295.0	0.0	0.0	0.0	0.0
1.25	0.9692514797370678	295.0	295.0	0.0	0.0	0.0	0.0
1.2599999999999998	0.9692514802967547	295.0	295.0	0.0	0.0	0.0	0.0
1.27	0.9692514808363856	295.0	295.0	0.0	0.0	0.0	0.0
1.28	0.9692514813566773	295.0	295.0	0.0	0.0	0.0	0.0
1.29	0.9692514818583245	295.0	295.0	0.0	0.0	0.0	0.0
1.2999999999999998	0.9692514823419943	295.0	295.0	0.0	0.0	0.0	0.0
1.31	0.9692514828083317	295.0	295.0	0.0	0.0	0.0	0.0
1.32	0.9692514832579575	295.0	295.0	0.0	0.0	0.0	0.0
1.33	0.969251483691472	295.0	295.0	0.0	0.0	0.0	0.0
1.3399999999999999	0.9692514841094504	295.0	295.0	0.0	0.0	0.0	0.0
1.3499999999999999	0.9692514845124496	295.0	295.0	0.0	0.0	0.0	0.0
1.36	0.9692514849010077	295.0	295.0	0.0	0.0	0.0	0.0
1.37	0.9692514852756406	295.0	295.0	0.0	0.0	0.0	0.0
1.38	0.9692514856368515	295.0	295.0	0.0	0.0	0.0	0.0
1.39	0.9692514859851158	295.0	295.0	0.0	0.0	0.0	0.0
1.4	0.9692514863208996	295.0	295.0	0.0	0.0	0.0	0.0
1.4100000000000001	0.9692514866446506	295.0	295.0	0.0	0.0	0.0	0.0
1.42	0.9692514869567994	295.0	295.0	0.0	0.0	0.0	0.0
1.43	0.9692514872577648	295.0	295.0	0.0	0.0	0.0	0.0
1.44	0.9692514875479419	295.0	295.0	0.0	0.0	0.0	0.0
1.45	0.9692514878277206	295.0	295.0	0.0	0.0	0.0	0.0
1.46	0.9692514880974746	295.0	295.0	0.0	0.0	0.0	0.0
1.47	0.9692514883575608	295.0	295.0	0.0	0.0	0.0	0.0
1.48	0.9692514886083269	295.0	295.0	0.0	0.0	0.0	0.0
1.49	0.9692514888501057	295.0	295.0	0.0	0.0	0.0	0.0
1.4999999999999998	0.9692514890832207	295.0	295.0	0.0	0.0	0.0	0.0
1.51	0.9692514893079825	295.0	295.0	0.0	0.0	0.0	0.0
1.52	0.9692514895246903	295.0	295.0	0.0	0.0	0.0	0.0
1.53	0.9692514897336316	295.0	295.0	0.0	0.0	0.0	0.0
1.5399999999999998	0.9692514899350848	295.0	295.0	0.0	0.0	0.0	0.0
1.55	0.9692514901293184	295.0	295.0	0.0	0.0	0.0	0.0
1.56	0.9692514903165917	295.0	295.0	0.0	0.0	0.0	0.0
1.57	0.9692514904971545	295.0	295.0	0.0	0.0	0.0	0.0
1.5799999999999998	0.9692514906712468	295.0	295.0	0.0	0.0	0.0	0.0
1.5899999999999999	0.9692514908391003	295.0	295.0	0.0	0.0	0.0	0.0
1.6	0.9692514910009389	295.0	295.0	0.0	0.0	0.0	0.0
1.61	0.9692514911569781	295.0	295.0	0.0	0.0	0.0	0.0
1.6199999999999999	0.9692514913074247	295.0	295.0	0.0	0.0	0.0	0.0
1.63	0.9692514914524804	295.0	295.0	0.0	0.0	0.0	0.0
1.64	0.969251491592338	295.0	295.0	0.0	0.0	0.0	0.0
1.6500000000000001	0.9692514917271836	295.0	295.0	0.0	0.0	0.0	0.0
1.66	0.9692514918571971	295.0	295.0	0.0	0.0	0.0	0.0
1.67	0.969251491982551	295.0	295.0	0.0	0.0	0.0	0.0
1.68	0.9692514921034149	295.0	295.0	0.0	0.0	0.0	0.0
1.69	0.969251492219946	295.0	295.0	0.0	0.0	0.0	0.0
1.7	0.9692514923323013	295.0	295.0	0.0	0.0	0.0	0.0
1.71	0.96925149244063	295.0	295.0	0.0	0.0	0.0	0.0
1.72	0.9692514925450768	295.0	295.0	0.0	0.0	0.0	0.0
1.73	0.9692514926457805	295.0	295.0	0.0	0.0	0.0	0.0
1.74	0.9692514927428755	295.0	295.0	0.0	0.0	0.0	0.0
1.75	0.9692514928364909	295.0	295.0	0.0	0.0	0.0	0.0
1.76	0.9692514929267528	295.0	295.0	0.0	0.0	0.0	0.0
1.77	0.9692514930137789	295.0	295.0	0.0	0.0	0.0	0.0
1.7799999999999998	0.9692514930976864	295.0	295.0	0.0	0.0	0.0	0.0
1.79	0.9692514931785878	295.0	295.0	0.0	0.0	0.0	0.0
1.8	0.9692514932565894	295.0	295.0	0.0	0.0	0.0	0.0
1.81	0.9692514933317956	295.0	295.0	0.0	0.0	0.0	0.0
1.8199999999999998	0.9692514934043067	295.0	295.0	0.0	0.0	0.0	0.0
1.83	0.9692514934742198	295.0	295.0	0.0	0.0	0.0	0.0
1.8399999999999999	0.969251493541627	295.0	295.0	0.0	0.0	0.0	0.0
1.85	0.9692514936066187	295.0	295.0	0.0	0.0	0.0	0.0
1.86	0.9692514936692811	295.0	295.0	0.0	0.0	0.0	0.0
1.8699999999999999	0.9692514937297002	295.0	295.0	0.0	0.0	0.0	0.0
1.8800000000000001	0.969251493787953	295.0	295.0	0.0	0.0	0.0	0.0
1.89	0.9692514938441171	295.0	295.0	0.0	0.0	0.0	0.0
1.9	0.969251493898269	295.0	295.0	0.0	0.0	0.0	0.0
1.9100000000000001	0.9692514939504802	295.0	295.0	0.0	0.0	0.0	0.0
1.92	0.9692514940008202	295.0	295.0	0.0	0.0	0.0	0.0
1.9300000000000002	0.9692514940493567	295.0	295.0	0.0	0.0	0.0	0.0
1.9399999999999997	0.9692514940961539	295.0	295.0	0.0	0.0	0.0	0.0
1.95	0.9692514941412746	295.0	295.0	0.0	0.0	0.0	0.0
1.9600000000000002	0.9692514941847777	295.0	295.0	0.0	0.0	0.0	0.0
1.97	0.9692514942267216	295.0	295.0	0.0	0.0	0.0	0.0
1.98	0.9692514942671638	295.0	295.0	0.0	0.0	0.0	0.0
1.9899999999999998	0.9692514943061551	295.0	295.0	0.0	0.0	0.0	0.0
2.0	0.9692514943437497	295.0	295.0	0.0	0.0	0.0	0.0
2.0100000000000002	0.969251494379997	295.0	295.0	0.0	0.0	0.0	0.0
2.02	0.9692514944149453	295.0	295.0	0.0	0.0	0.0	0.0
2.0300000000000002	0.9692514944486413	295.0	295.0	0.0	0.0	0.0	0.0
2.0399999999999996	0.9692514944811292	295.0	295.0	0.0	0.0	0.0	0.0
2.05	0.9692514945124533	295.0	295.0	0.0	0.0	0.0	0.0
2.06	0.9692514945426569	295.0	295.0	0.0	0.0	0.0	0.0
2.07	0.9692514945717764	295.0	295.0	0.0	0.0	0.0	0.0
2.08	0.9692514945998518	295.0	295.0	0.0	0.0	0.0	0.0
2.09	0.9692514946269211	295.0	295.0	0.0	0.0	0.0	0.0
2.1	0.9692514946530207	295.0	295.0	0.0	0.0	0.0	0.0
2.11	0.9692514946781849	295.0	295.0	0.0	0.0	0.0	0.0
2.1199999999999997	0.9692514947024469	295.0	295.0	0.0	0.0	0.0	0.0
2.13	0.9692514947258398	295.0	295.0	0.0	0.0	0.0	0.0
2.1399999999999997	0.9692514947483946	295.0	295.0	0.0	0.0	0.0	0.0
2.15	0.9692514947701408	295.0	295.0	0.0	0.0	0.0	0.0
2.16	0.9692514947911082	295.0	295.0	0.0	0.0	0.0	0.0
2.17	0.9692514948113228	295.0	295.0	0.0	0.0	0.0	0.0
2.18	0.9692514948308141	295.0	295.0	0.0	0.0	0.0	0.0
2.19	0.9692514948496069	295.0	295.0	0.0	0.0	0.0	0.0
2.1999999999999997	0.9692514948677262	295.0	295.0	0.0	0.0	0.0	0.0
2.21	0.9692514948851959	295.0	295.0	0.0	0.0	0.0	0.0
2.2199999999999998	0.9692514949020398	295.0	295.0	0.0	0.0	0.0	0.0
2.23	0.9692514949182802	295.0	295.0	0.0	0.0	0.0	0.0
2.24	0.9692514949339386	295.0	295.0	0.0	0.0	0.0	0.0
2.25	0.9692514949490358	295.0	295.0	0.0	0.0	0.0	0.0
2.2600000000000002	0.969251494963592	295.0	295.0	0.0	0.0	0.0	0.0
2.27	0.9692514949776264	295.0	295.0	0.0	0.0	0.0	0.0
2.28	0.9692514949911581	295.0	295.0	0.0	0.0	0.0	0.0
2.29	0.9692514950042047	295.0	295.0	0.0	0.0	0.0	0.0
2.3	0.9692514950167839	295.0	295.0	0.0	0.0	0.0	0.0
2.31	0.9692514950289122	295.0	295.0	0.0	0.0	0.0	0.0
2.32	0.9692514950406063	295.0	295.0	0.0	0.0	0.0	0.0
2.33	0.969251495051881	295.0	295.0	0.0	0.0	0.0	0.0
2.3400000000000003	0.9692514950627517	295.0	295.0	0.0	0.0	0.0	0.0
2.35	0.969251495073233	295.0	295.0	0.0	0.0	0.0	0.0
2.36	0.9692514950833381	295.0	295.0	0.0	0.0	0.0	0.0
2.3699999999999997	0.9692514950930816	295.0	295.0	0.0	0.0	0.0	0.0
2.38	0.9692514951024761	295.0	295.0	0.0	0.0	0.0	0.0
2.39	0.9692514951115335	295.0	295.0	0.0	0.0	0.0	0.0
2.4	0.9692514951202663	295.0	295.0	0.0	0.0	0.0	0.0
2.41	0.9692514951286865	295.0	295.0	0.0	0.0	0.0	0.0
2.42	0.9692514951368048	295.0	295.0	0.0	0.0	0.0	0.0
2.43	0.9692514951446324	295.0	295.0	0.0	0.0	0.0	0.0
2.44	0.969251495152179	295.0	295.0	0.0	0.0	0.0	0.0
2.4499999999999997	0.9692514951594554	295.0	295.0	0.0	0.0	0.0	0.0
2.46	0.9692514951664711	295.0	295.0	0.0	0.0	0.0	0.0
2.4699999999999998	0.969251495173236	295.0	295.0	0.0	0.0	0.0	0.0
2.48	0.9692514951797581	295.0	295.0	0.0	0.0	0.0	0.0
2.49	0.9692514951860461	295.0	295.0	0.0	0.0	0.0	0.0
2.5	0.9692514951921091	295.0	295.0	0.0	0.0	0.0	0.0
2.51	0.9692514951979548	295.0	295.0	0.0	0.0	0.0	0.0
2.5199999999999996	0.9692514952035907	295.0	295.0	0.0	0.0	0.0	0.0
2.53	0.9692514952090249	295.0	295.0	0.0	0.0	0.0	0.0
2.54	0.9692514952142645	295.0	295.0	0.0	0.0	0.0	0.0
2.55	0.9692514952193161	295.0	295.0	0.0	0.0	0.0	0.0
2.56	0.9692514952241869	295.0	295.0	0.0	0.0	0.0	0.0
2.57	0.9692514952288825	295.0	295.0	0.0	0.0	0.0	0.0
2.58	0.9692514952334103	295.0	295.0	0.0	0.0	0.0	0.0
2.59	0.9692514952377758	295.0	295.0	0.0	0.0	0.0	0.0
2.5999999999999996	0.9692514952419847	295.0	295.0	0.0	0.0	0.0	0.0
2.61	0.9692514952460431	295.0	295.0	0.0	0.0	0.0	0.0
2.62	0.9692514952499556	295.0	295.0	0.0	0.0	0.0	0.0
2.63	0.9692514952537283	295.0	295.0	0.0	0.0	0.0	0.0
2.64	0.9692514952573656	295.0	295.0	0.0	0.0	0.0	0.0
2.65	0.9692514952608726	295.0	295.0	0.0	0.0	0.0	0.0
2.66	0.9692514952642545	295.0	295.0	0.0	0.0	0.0	0.0
2.67	0.9692514952675141	295.0	295.0	0.0	0.0	0.0	0.0
2.6799999999999997	0.9692514952706575	295.0	295.0	0.0	0.0	0.0	0.0
2.69	0.969251495273688	295.0	295.0	0.0	0.0	0.0	0.0
2.6999999999999997	0.96925149527661	295.0	295.0	0.0	0.0	0.0	0.0
2.71	0.9692514952794278	295.0	295.0	0.0	0.0	0.0	0.0
2.72	0.9692514952821437	295.0	295.0	0.0	0.0	0.0	0.0
2.73	0.969251495284763	295.0	295.0	0.0	0.0	0.0	0.0
2.74	0.9692514952872885	295.0	295.0	0.0	0.0	0.0	0.0
2.75	0.9692514952897232	295.0	295.0	0.0	0.0	0.0	0.0
2.76	0.9692514952920704	295.0	295.0	0.0	0.0	0.0	0.0
2.77	0.9692514952943337	295.0	295.0	0.0	0.0	0.0	0.0
2.78	0.9692514952965167	295.0	295.0	0.0	0.0	0.0	0.0
2.79	0.96925149529862	295.0	295.0	0.0	0.0	0.0	0.0
2.8	0.9692514953006487	295.0	295.0	0.0	0.0	0.0	0.0
2.81	0.9692514953026053	295.0	295.0	0.0	0.0	0.0	0.0
2.8200000000000003	0.9692514953044908	295.0	295.0	0.0	0.0	0.0	0.0
2.83	0.969251495306309	295.0	295.0	0.0	0.0	0.0	0.0
2.84	0.9692514953080623	295.0	295.0	0.0	0.0	0.0	0.0
2.8499999999999996	0.969251495309752	295.0	295.0	0.0	0.0	0.0	0.0
2.86	0.9692514953113816	295.0	295.0	0.0	0.0	0.0	0.0
2.87	0.969251495312954	295.0	295.0	0.0	0.0	0.0	0.0
2.88	0.9692514953144681	295.0	295.0	0.0	0.0	0.0	0.0
2.89	0.9692514953159296	295.0	295.0	0.0	0.0	0.0	0.0
2.9	0.9692514953173375	295.0	295.0	0.0	0.0	0.0	0.0
2.9099999999999997	0.969251495318695	295.0	295.0	0.0	0.0	0.0	0.0
2.92	0.9692514953200044	295.0	295.0	0.0	0.0	0.0	0.0
2.9299999999999997	0.9692514953212668	295.0	295.0	0.0	0.0	0.0	0.0
2.94	0.9692514953224838	295.0	295.0	0.0	0.0	0.0	0.0
2.9499999999999997	0.9692514953236573	295.0	295.0	0.0	0.0	0.0	0.0
2.96	0.9692514953247886	295.0	295.0	0.0	0.0	0.0	0.0
2.97	0.96925149532588	295.0	295.0	0.0	0.0	0.0	0.0
2.98	0.969251495326933	295.0	295.0	0.0	0.0	0.0	0.0
2.9899999999999998	0.9692514953279457	295.0	295.0	0.0	0.0	0.0	0.0
2.9999999999999996	0.9692514953289236	295.0	295.0	0.0	0.0	0.0	0.0
3.01	0.9692514953298665	295.0	295.0	0.0	0.0	0.0	0.0
3.02	0.9692514953307751	295.0	295.0	0.0	0.0	0.0	0.0
3.03	0.9692514953316517	295.0	295.0	0.0	0.0	0.0	0.0
3.04	0.969251495332497	295.0	295.0	0.0	0.0	0.0	0.0
3.0500000000000003	0.9692514953333106	295.0	295.0	0.0	0.0	0.0	0.0
3.06	0.9692514953340967	295.0	295.0	0.0	0.0	0.0	0.0
3.07	0.9692514953348554	295.0	295.0	0.0	0.0	0.0	0.0
3.0799999999999996	0.9692514953355843	295.0	295.0	0.0	0.0	0.0	0.0
3.09	0.9692514953362876	295.0	295.0	0.0	0.0	0.0	0.0
3.1	0.9692514953369663	295.0	295.0	0.0	0.0	0.0	0.0
3.11	0.9692514953376208	295.0	295.0	0.0	0.0	0.0	0.0
3.12	0.9692514953382517	295.0	295.0	0.0	0.0	0.0	0.0
3.13	0.96925149533886	295.0	295.0	0.0	0.0	0.0	0.0
3.14	0.9692514953394465	295.0	295.0	0.0	0.0	0.0	0.0
3.15	0.969251495340012	295.0	295.0	0.0	0.0	0.0	0.0
3.1599999999999997	0.9692514953405574	295.0	295.0	0.0	0.0	0.0	0.0
3.17	0.9692514953410838	295.0	295.0	0.0	0.0	0.0	0.0
3.1799999999999997	0.9692514953415922	295.0	295.0	0.0	0.0	0.0	0.0
3.19	0.9692514953420807	295.0	295.0	0.0	0.0	0.0	0.0
3.2	0.9692514953425502	295.0	295.0	0.0	0.0	0.0	0.0
3.21	0.9692514953430041	295.0	295.0	0.0	0.0	0.0	0.0
3.22	0.9692514953434441	295.0	295.0	0.0	0.0	0.0	0.0
3.23	0.969251495343866	295.0	295.0	0.0	0.0	0.0	0.0
3.2399999999999998	0.9692514953442714	295.0	295.0	0.0	0.0	0.0	0.0
3.25	0.9692514953446663	295.0	295.0	0.0	0.0	0.0	0.0
3.26	0.9692514953450437	295.0	295.0	0.0	0.0	0.0	0.0
3.27	0.9692514953454078	295.0	295.0	0.0	0.0	0.0	0.0
3.28	0.969251495345763	295.0	295.0	0.0	0.0	0.0	0.0
3.29	0.9692514953460984	295.0	295.0	0.0	0.0	0.0	0.0
3.3000000000000003	0.9692514953464301	295.0	295.0	0.0	0.0	0.0	0.0
3.3099999999999996	0.9692514953467409	295.0	295.0	0.0	0.0	0.0	0.0
3.32	0.9692514953470492	295.0	295.0	0.0	0.0	0.0	0.0
3.3299999999999996	0.9692514953473379	295.0	295.0	0.0	0.0	0.0	0.0
3.34	0.9692514953476264	295.0	295.0	0.0	0.0	0.0	0.0
3.35	0.9692514953478929	295.0	295.0	0.0	0.0	0.0	0.0
3.36	0.9692514953481594	295.0	295.0	0.0	0.0	0.0	0.0
3.37	0.9692514953484099	295.0	295.0	0.0	0.0	0.0	0.0
3.38	0.9692514953486542	295.0	295.0	0.0	0.0	0.0	0.0
3.3899999999999997	0.9692514953488934	295.0	295.0	0.0	0.0	0.0	0.0
3.4	0.9692514953491155	295.0	295.0	0.0	0.0	0.0	0.0
3.4099999999999997	0.9692514953493375	295.0	295.0	0.0	0.0	0.0	0.0
3.42	0.9692514953495487	295.0	295.0	0.0	0.0	0.0	0.0
3.43	0.9692514953497485	295.0	295.0	0.0	0.0	0.0	0.0
3.44	0.9692514953499484	295.0	295.0	0.0	0.0	0.0	0.0
3.45	0.9692514953501383	295.0	295.0	0.0	0.0	0.0	0.0
3.46	0.969251495350316	295.0	295.0	0.0	0.0	0.0	0.0
3.4699999999999998	0.9692514953504936	295.0	295.0	0.0	0.0	0.0	0.0
3.48	0.9692514953506708	295.0	295.0	0.0	0.0	0.0	0.0
3.4899999999999998	0.9692514953508262	295.0	295.0	0.0	0.0	0.0	0.0
3.5	0.9692514953509817	295.0	295.0	0.0	0.0	0.0	0.0
3.51	0.9692514953511371	295.0	295.0	0.0	0.0	0.0	0.0
3.52	0.9692514953512902	295.0	295.0	0.0	0.0	0.0	0.0
3.5300000000000002	0.9692514953514234	295.0	295.0	0.0	0.0	0.0	0.0
3.54	0.9692514953515566	295.0	295.0	0.0	0.0	0.0	0.0
3.55	0.9692514953516899	295.0	295.0	0.0	0.0	0.0	0.0
3.5599999999999996	0.9692514953518231	295.0	295.0	0.0	0.0	0.0	0.0
3.57	0.9692514953519444	295.0	295.0	0.0	0.0	0.0	0.0
3.58	0.9692514953520555	295.0	295.0	0.0	0.0	0.0	0.0
3.59	0.9692514953521665	295.0	295.0	0.0	0.0	0.0	0.0
3.6	0.9692514953522775	295.0	295.0	0.0	0.0	0.0	0.0
3.61	0.9692514953523885	295.0	295.0	0.0	0.0	0.0	0.0
3.62	0.9692514953524983	295.0	295.0	0.0	0.0	0.0	0.0
3.63	0.9692514953525871	295.0	295.0	0.0	0.0	0.0	0.0
3.6399999999999997	0.969251495352676	295.0	295.0	0.0	0.0	0.0	0.0
3.65	0.9692514953527648	295.0	295.0	0.0	0.0	0.0	0.0
3.66	0.9692514953528536	295.0	295.0	0.0	0.0	0.0	0.0
3.6700000000000004	0.9692514953529424	295.0	295.0	0.0	0.0	0.0	0.0
3.6799999999999997	0.9692514953530312	295.0	295.0	0.0	0.0	0.0	0.0
3.69	0.9692514953531155	295.0	295.0	0.0	0.0	0.0	0.0
3.7	0.9692514953531821	295.0	295.0	0.0	0.0	0.0	0.0
3.71	0.9692514953532487	295.0	295.0	0.0	0.0	0.0	0.0
3.72	0.9692514953533153	295.0	295.0	0.0	0.0	0.0	0.0
3.7299999999999995	0.969251495353382	295.0	295.0	0.0	0.0	0.0	0.0
3.7399999999999998	0.9692514953534486	295.0	295.0	0.0	0.0	0.0	0.0
3.75	0.9692514953535152	295.0	295.0	0.0	0.0	0.0	0.0
3.7600000000000002	0.9692514953535818	295.0	295.0	0.0	0.0	0.0	0.0
3.7700000000000005	0.9692514953536484	295.0	295.0	0.0	0.0	0.0	0.0
3.78	0.9692514953537134	295.0	295.0	0.0	0.0	0.0	0.0
3.7899999999999996	0.9692514953537578	295.0	295.0	0.0	0.0	0.0	0.0
3.8	0.9692514953538022	295.0	295.0	0.0	0.0	0.0	0.0
3.81	0.9692514953538466	295.0	295.0	0.0	0.0	0.0	0.0
3.8200000000000003	0.969251495353891	295.0	295.0	0.0	0.0	0.0	0.0
3.8299999999999996	0.9692514953539354	295.0	295.0	0.0	0.0	0.0	0.0
3.84	0.9692514953539798	295.0	295.0	0.0	0.0	0.0	0.0
3.85	0.9692514953540242	295.0	295.0	0.0	0.0	0.0	0.0
3.8600000000000003	0.9692514953540686	295.0	295.0	0.0	0.0	0.0	0.0
3.87	0.969251495354113	295.0	295.0	0.0	0.0	0.0	0.0
3.8799999999999994	0.9692514953541574	295.0	295.0	0.0	0.0	0.0	0.0
3.8899999999999997	0.9692514953542019	295.0	295.0	0.0	0.0	0.0	0.0
3.9	0.9692514953542463	295.0	295.0	0.0	0.0	0.0	0.0
3.91	0.9692514953542907	295.0	295.0	0.0	0.0	0.0	0.0
3.9200000000000004	0.969251495354327	295.0	295.0	0.0	0.0	0.0	0.0
3.9299999999999997	0.9692514953543492	295.0	295.0	0.0	0.0	0.0	0.0
3.94	0.9692514953543714	295.0	295.0	0.0	0.0	0.0	0.0
3.9499999999999997	0.9692514953543936	295.0	295.0	0.0	0.0	0.0	0.0
3.96	0.9692514953544158	295.0	295.0	0.0	0.0	0.0	0.0
3.97	0.969251495354438	295.0	295.0	0.0	0.0	0.0	0.0
3.9799999999999995	0.9692514953544602	295.0	295.0	0.0	0.0	0.0	0.0
3.9899999999999998	0.9692514953544824	295.0	295.0	0.0	0.0	0.0	0.0
4.0	0.9692514953545046	295.0	295.0	0.0	0.0	0.0	0.0
4.01	0.9692514953545268	295.0	295.0	0.0	0.0	0.0	0.0
4.0200000000000005	0.969251495354549	295.0	295.0	0.0	0.0	0.0	0.0
4.029999999999999	0.9692514953545712	295.0	295.0	0.0	0.0	0.0	0.0
4.04	0.9692514953545934	295.0	295.0	0.0	0.0	0.0	0.0
4.05	0.9692514953546156	295.0	295.0	0.0	0.0	0.0	0.0
4.0600000000000005	0.9692514953546378	295.0	295.0	0.0	0.0	0.0	0.0
4.07	0.96925149535466	295.0	295.0	0.0	0.0	0.0	0.0
4.079999999999999	0.9692514953546822	295.0	295.0	0.0	0.0	0.0	0.0
4.09	0.9692514953547045	295.0	295.0	0.0	0.0	0.0	0.0
4.1	0.9692514953547267	295.0	295.0	0.0	0.0	0.0	0.0
4.11	0.9692514953547489	295.0	295.0	0.0	0.0	0.0	0.0
4.12	0.9692514953547711	295.0	295.0	0.0	0.0	0.0	0.0
4.13	0.9692514953547933	295.0	295.0	0.0	0.0	0.0	0.0
4.14	0.9692514953548155	295.0	295.0	0.0	0.0	0.0	0.0
4.1499999999999995	0.9692514953548377	295.0	295.0	0.0	0.0	0.0	0.0
4.16	0.9692514953548599	295.0	295.0	0.0	0.0	0.0	0.0
4.17	0.9692514953548821	295.0	295.0	0.0	0.0	0.0	0.0
4.18	0.9692514953549043	295.0	295.0	0.0	0.0	0.0	0.0
4.1899999999999995	0.9692514953549265	295.0	295.0	0.0	0.0	0.0	0.0
4.2	0.969251495354927	295.0	295.0	0.0	0.0	0.0	0.0
4.21	0.969251495354927	295.0	295.0	0.0	0.0	0.0	0.0
4.22	0.969251495354927	295.0	295.0	0.0	0.0	0.0	0.0
4.2299999999999995	0.969251495354927	295.0	295.0	0.0	0.0	0.0	0.0
4.239999999999999	0.969251495354927	295.0	295.0	0.0	0.0	0.0	0.0
4.25	0.969251495354927	295.0	295.0	0.0	0.0	0.0	0.0
4.26	0.969251495354927	295.0	295.0	0.0	0.0	0.0	0.0
4.2700000000000005	0.969251495354927	295.0	295.0	0.0	0.0	0.0	0.0
4.279999999999999	0.969251495354927	295.0	295.0	0.0	0.0	0.0	0.0
4.29	0.969251495354927	295.0	295.0	0.0	0.0	0.0	0.0
4.3	0.969251495354927	295.0	295.0	0.0	0.0	0.0	0.0
4.31	0.969251495354927	295.0	295.0	0.0	0.0	0.0	0.0
4.32	0.969251495354927	295.0	295.0	0.0	0.0	0.0	0.0
4.329999999999999	0.969251495354927	295.0	295.0	0.0	0.0	0.0	0.0
4.34	0.969251495354927	295.0	295.0	0.0	0.0	0.0	0.0
4.35	0.969251495354927	295.0	295.0	0.0	0.0	0.0	0.0
4.36	0.969251495354927	295.0	295.0	0.0	0.0	0.0	0.0
4.37	0.969251495354927	295.0	295.0	0.0	0.0	0.0	0.0
4.38	0.969251495354927	295.0	295.0	0.0	0.0	0.0	0.0
4.39	0.969251495354927	295.0	295.0	0.0	0.0	0.0	0.0
4.3999999999999995	0.969251495354927	295.0	295.0	0.0	0.0	0.0	0.0
4.41	0.969251495354927	295.0	295.0	0.0	0.0	0.0	0.0
4.42	0.969251495354927	295.0	295.0	0.0	0.0	0.0	0.0
4.430000000000001	0.969251495354927	295.0	295.0	0.0	0.0	0.0	0.0
4.4399999999999995	0.969251495354927	295.0	295.0	0.0	0.0	0.0	0.0
4.45	0.969251495354927	295.0	295.0	0.0	0.0	0.0	0.0
4.46	0.969251495354927	295.0	295.0	0.0	0.0	0.0	0.0
4.47	0.969251495354927	295.0	295.0	0.0	0.0	0.0	0.0
4.48	0.969251495354927	295.0	295.0	0.0	0.0	0.0	0.0
4.489999999999999	0.969251495354927	295.0	295.0	0.0	0.0	0.0	0.0
4.5	0.969251495354927	295.0	295.0	0.0	0.0	0.0	0.0
4.51	0.969251495354927	295.0	295.0	0.0	0.0	0.0	0.0
4.5200000000000005	0.969251495354927	295.0	295.0	0.0	0.0	0.0	0.0
4.53	0.969251495354927	295.0	295.0	0.0	0.0	0.0	0.0
4.54	0.969251495354927	295.0	295.0	0.0	0.0	0.0	0.0
4.55	0.969251495354927	295.0	295.0	0.0	0.0	0.0	0.0
4.56	0.969251495354927	295.0	295.0	0.0	0.0	0.0	0.0
4.57	0.969251495354927	295.0	295.0	0.0	0.0	0.0	0.0
4.58	0.969251495354927	295.0	295.0	0.0	0.0	0.0	0.0
4.59	0.969251495354927	295.0	295.0	0.0	0.0	0.0	0.0
4.6	0.969251495354927	295.0	295.0	0.0	0.0	0.0	0.0
4.61	0.969251495354927	295.0	295.0	0.0	0.0	0.0	0.0
4.62	0.969251495354927	295.0	295.0	0.0	0.0	0.0	0.0
4.63	0.969251495354927	295.0	295.0	0.0	0.0	0.0	0.0
4.64	0.969251495354927	295.0	295.0	0.0	0.0	0.0	0.0
4.6499999999999995	0.969251495354927	295.0	295.0	0.0	0.0	0.0	0.0
4.66	0.969251495354927	295.0	295.0	0.0	0.0	0.0	0.0
4.67	0.969251495354927	295.0	295.0	0.0	0.0	0.0	0.0
4.680000000000001	0.969251495354927	295.0	295.0	0.0	0.0	0.0	0.0
4.6899999999999995	0.969251495354927	295.0	295.0	0.0	0.0	0.0	0.0
4.7	0.969251495354927	295.0	295.0	0.0	0.0	0.0	0.0
4.71	0.969251495354927	295.0	295.0	0.0	0.0	0.0	0.0
4.72	0.969251495354927	295.0	295.0	0.0	0.0	0.0	0.0
4.73	0.969251495354927	295.0	295.0	0.0	0.0	0.0	0.0
4.739999999999999	0.969251495354927	295.0	295.0	0.0	0.0	0.0	0.0
4.75	0.969251495354927	295.0	295.0	0.0	0.0	0.0	0.0
4.76	0.969251495354927	295.0	295.0	0.0	0.0	0.0	0.0
4.7700000000000005	0.969251495354927	295.0	295.0	0.0	0.0	0.0	0.0
4.78	0.969251495354927	295.0	295.0	0.0	0.0	0.0	0.0
4.789999999999999	0.969251495354927	295.0	295.0	0.0	0.0	0.0	0.0
4.8	0.969251495354927	295.0	295.0	0.0	0.0	0.0	0.0
4.81	0.969251495354927	295.0	295.0	0.0	0.0	0.0	0.0
4.82	0.969251495354927	295.0	295.0	0.0	0.0	0.0	0.0
4.83	0.969251495354927	295.0	295.0	0.0	0.0	0.0	0.0
4.84	0.969251495354927	295.0	295.0	0.0	0.0	0.0	0.0
4.85	0.969251495354927	295.0	295.0	0.0	0.0	0.0	0.0
4.86	0.969251495354927	295.0	295.0	0.0	0.0	0.0	0.0
4.87	0.969251495354927	295.0	295.0	0.0	0.0	0.0	0.0
4.88	0.969251495354927	295.0	295.0	0.0	0.0	0.0	0.0
4.89	0.969251495354927	295.0	295.0	0.0	0.0	0.0	0.0
4.8999999999999995	0.969251495354927	295.0	295.0	0.0	0.0	0.0	0.0
4.91	0.969251495354927	295.0	295.0	0.0	0.0	0.0	0.0
4.92	0.969251495354927	295.0	295.0	0.0	0.0	0.0	0.0
4.930000000000001	0.969251495354927	295.0	295.0	0.0	0.0	0.0	0.0
4.9399999999999995	0.969251495354927	295.0	295.0	0.0	0.0	0.0	0.0
4.949999999999999	0.969251495354927	295.0	295.0	0.0	0.0	0.0	0.0
4.96	0.969251495354927	295.0	295.0	0.0	0.0	0.0	0.0
4.97	0.969251495354927	295.0	295.0	0.0	0.0	0.0	0.0
4.98	0.969251495354927	295.0	295.0	0.0	0.0	0.0	0.0
4.989999999999999	0.969251495354927	295.0	295.0	0.0	0.0	0.0	0.0
5.0	0.969251495354927	295.0	295.0	0.0	0.0	0.0	0.0
5.01	0.969251495354927	295.0	295.0	0.0	0.0	0.0	0.0
5.02	0.969251495354927	295.0	295.0	0.0	0.0	0.0	0.0
5.03	0.969251495354927	295.0	295.0	0.0	0.0	0.0	0.0
5.039999999999999	0.969251495354927	295.0	295.0	0.0	0.0	0.0	0.0
5.05	0.969251495354927	295.0	295.0	0.0	0.0	0.0	0.0
5.06	0.969251495354927	295.0	295.0	0.0	0.0	0.0	0.0
5.07	0.969251495354927	295.0	295.0	0.0	0.0	0.0	0.0
5.08	0.969251495354927	295.0	295.0	0.0	0.0	0.0	0.0
5.09	0.969251495354927	295.0	295.0	0.0	0.0	0.0	0.0
5.1	0.969251495354927	295.0	295.0	0.0	0.0	0.0	0.0
5.109999999999999	0.969251495354927	295.0	295.0	0.0	0.0	0.0	0.0
5.12	0.969251495354927	295.0	295.0	0.0	0.0	0.0	0.0
5.13	0.969251495354927	295.0	295.0	0.0	0.0	0.0	0.0
5.14	0.969251495354927	295.0	295.0	0.0	0.0	0.0	0.0
5.1499999999999995	0.969251495354927	295.0	295.0	0.0	0.0	0.0	0.0
5.16	0.969251495354927	295.0	295.0	0.0	0.0	0.0	0.0
5.17	0.969251495354927	295.0	295.0	0.0	0.0	0.0	0.0
5.18	0.969251495354927	295.0	295.0	0.0	0.0	0.0	0.0
5.1899999999999995	0.969251495354927	295.0	295.0	0.0	0.0	0.0	0.0
5.199999999999999	0.969251495354927	295.0	295.0	0.0	0.0	0.0	0.0
5.21	0.969251495354927	295.0	295.0	0.0	0.0	0.0	0.0
5.22	0.969251495354927	295.0	295.0	0.0	0.0	0.0	0.0
5.23	0.969251495354927	295.0	295.0	0.0	0.0	0.0	0.0
5.24	0.969251495354927	295.0	295.0	0.0	0.0	0.0	0.0
5.25	0.969251495354927	295.0	295.0	0.0	0.0	0.0	0.0
5.26	0.969251495354927	295.0	295.0	0.0	0.0	0.0	0.0
5.27	0.969251495354927	295.0	295.0	0.0	0.0	0.0	0.0
5.28	0.969251495354927	295.0	295.0	0.0	0.0	0.0	0.0
5.29	0.969251495354927	295.0	295.0	0.0	0.0	0.0	0.0
5.3	0.969251495354927	295.0	295.0	0.0	0.0	0.0	0.0
5.31	0.969251495354927	295.0	295.0	0.0	0.0	0.0	0.0
5.32	0.969251495354927	295.0	295.0	0.0	0.0	0.0	0.0
5.33	0.969251495354927	295.0	295.0	0.0	0.0	0.0	0.0
5.34	0.969251495354927	295.0	295.0	0.0	0.0	0.0	0.0
5.35	0.969251495354927	295.0	295.0	0.0	0.0	0.0	0.0
5.359999999999999	0.969251495354927	295.0	295.0	0.0	0.0	0.0	0.0
5.37	0.969251495354927	295.0	295.0	0.0	0.0	0.0	0.0
5.38	0.969251495354927	295.0	295.0	0.0	0.0	0.0	0.0
5.390000000000001	0.969251495354927	295.0	295.0	0.0	0.0	0.0	0.0
5.3999999999999995	0.969251495354927	295.0	295.0	0.0	0.0	0.0	0.0
5.41	0.969251495354927	295.0	295.0	0.0	0.0	0.0	0.0
5.42	0.969251495354927	295.0	295.0	0.0	0.0	0.0	0.0
5.43	0.969251495354927	295.0	295.0	0.0	0.0	0.0	0.0
5.44	0.969251495354927	295.0	295.0	0.0	0.0	0.0	0.0
5.449999999999999	0.969251495354927	295.0	295.0	0.0	0.0	0.0	0.0
5.46	0.969251495354927	295.0	295.0	0.0	0.0	0.0	0.0
5.47	0.969251495354927	295.0	295.0	0.0	0.0	0.0	0.0
5.48	0.969251495354927	295.0	295.0	0.0	0.0	0.0	0.0
5.49	0.969251495354927	295.0	295.0	0.0	0.0	0.0	0.0
5.5	0.969251495354927	295.0	295.0	0.0	0.0	0.0	0.0
5.51	0.969251495354927	295.0	295.0	0.0	0.0	0.0	0.0
5.52	0.969251495354927	295.0	295.0	0.0	0.0	0.0	0.0
5.53	0.969251495354927	295.0	295.0	0.0	0.0	0.0	0.0
5.54	0.969251495354927	295.0	295.0	0.0	0.0	0.0	0.0
5.55	0.969251495354927	295.0	295.0	0.0	0.0	0.0	0.0
5.56	0.969251495354927	295.0	295.0	0.0	0.0	0.0	0.0
5.57	0.969251495354927	295.0	295.0	0.0	0.0	0.0	0.0
5.58	0.969251495354927	295.0	295.0	0.0	0.0	0.0	0.0
5.59	0.969251495354927	295.0	295.0	0.0	0.0	0.0	0.0
5.6	0.969251495354927	295.0	295.0	0.0	0.0	0.0	0.0
5.609999999999999	0.969251495354927	295.0	295.0	0.0	0.0	0.0	0.0
5.62	0.969251495354927	295.0	295.0	0.0	0.0	0.0	0.0
5.63	0.969251495354927	295.0	295.0	0.0	0.0	0.0	0.0
5.640000000000001	0.969251495354927	295.0	295.0	0.0	0.0	0.0	0.0
5.6499999999999995	0.969251495354927	295.0	295.0	0.0	0.0	0.0	0.0
5.66	0.969251495354927	295.0	295.0	0.0	0.0	0.0	0.0
5.67	0.969251495354927	295.0	295.0	0.0	0.0	0.0	0.0
5.68	0.969251495354927	295.0	295.0	0.0	0.0	0.0	0.0
5.69	0.969251495354927	295.0	295.0	0.0	0.0	0.0	0.0
5.699999999999999	0.969251495354927	295.0	295.0	0.0	0.0	0.0	0.0
5.71	0.969251495354927	295.0	295.0	0.0	0.0	0.0	0.0
5.72	0.969251495354927	295.0	295.0	0.0	0.0	0.0	0.0
5.73	0.969251495354927	295.0	295.0	0.0	0.0	0.0	0.0
5.74	0.969251495354927	295.0	295.0	0.0	0.0	0.0	0.0
5.749999999999999	0.969251495354927	295.0	295.0	0.0	0.0	0.0	0.0
5.76	0.969251495354927	295.0	295.0	0.0	0.0	0.0	0.0
5.77	0.969251495354927	295.0	295.0	0.0	0.0	0.0	0.0
5.78	0.969251495354927	295.0	295.0	0.0	0.0	0.0	0.0
5.79	0.969251495354927	295.0	295.0	0.0	0.0	0.0	0.0
5.8	0.969251495354927	295.0	295.0	0.0	0.0	0.0	0.0
5.81	0.969251495354927	295.0	295.0	0.0	0.0	0.0	0.0
5.819999999999999	0.969251495354927	295.0	295.0	0.0	0.0	0.0	0.0
5.83	0.969251495354927	295.0	295.0	0.0	0.0	0.0	0.0
5.84	0.969251495354927	295.0	295.0	0.0	0.0	0.0	0.0
5.85	0.969251495354927	295.0	295.0	0.0	0.0	0.0	0.0
5.859999999999999	0.969251495354927	295.0	295.0	0.0	0.0	0.0	0.0
5.87	0.969251495354927	295.0	295.0	0.0	0.0	0.0	0.0
5.88	0.969251495354927	295.0	295.0	0.0	0.0	0.0	0.0
5.890000000000001	0.969251495354927	295.0	295.0	0.0	0.0	0.0	0.0
5.8999999999999995	0.969251495354927	295.0	295.0	0.0	0.0	0.0	0.0
5.909999999999999	0.969251495354927	295.0	295.0	0.0	0.0	0.0	0.0
5.92	0.969251495354927	295.0	295.0	0.0	0.0	0.0	0.0
5.93	0.969251495354927	295.0	295.0	0.0	0.0	0.0	0.0
5.94	0.969251495354927	295.0	295.0	0.0	0.0	0.0	0.0
5.949999999999999	0.969251495354927	295.0	295.0	0.0	0.0	0.0	0.0
5.96	0.969251495354927	295.0	295.0	0.0	0.0	0.0	0.0
5.97	0.969251495354927	295.0	295.0	0.0	0.0	0.0	0.0
5.9799999999999995	0.969251495354927	295.0	295.0	0.0	0.0	0.0	0.0
5.99	0.969251495354927	295.0	295.0	0.0	0.0	0.0	0.0
5.999999999999999	0.969251495354927	295.0	295.0	0.0	0.0	0.0	0.0
6.01	0.969251495354927	295.0	295.0	0.0	0.0	0.0	0.0
6.02	0.969251495354927	295.0	295.0	0.0	0.0	0.0	0.0
6.03	0.969251495354927	295.0	295.0	0.0	0.0	0.0	0.0
6.04	0.969251495354927	295.0	295.0	0.0	0.0	0.0	0.0
6.050000000000001	0.969251495354927	295.0	295.0	0.0	0.0	0.0	0.0
6.06	0.969251495354927	295.0	295.0	0.0	0.0	0.0	0.0
6.069999999999999	0.969251495354927	295.0	295.0	0.0	0.0	0.0	0.0
6.08	0.969251495354927	295.0	295.0	0.0	0.0	0.0	0.0
6.09	0.969251495354927	295.0	295.0	0.0	0.0	0.0	0.0
6.1000000000000005	0.969251495354927	295.0	295.0	0.0	0.0	0.0	0.0
6.109999999999999	0.969251495354927	295.0	295.0	0.0	0.0	0.0	0.0
6.12	0.969251495354927	295.0	295.0	0.0	0.0	0.0	0.0
6.13	0.969251495354927	295.0	295.0	0.0	0.0	0.0	0.0
6.14	0.969251495354927	295.0	295.0	0.0	0.0	0.0	0.0
6.15	0.969251495354927	295.0	295.0	0.0	0.0	0.0	0.0
6.159999999999999	0.969251495354927	295.0	295.0	0.0	0.0	0.0	0.0
6.17	0.969251495354927	295.0	295.0	0.0	0.0	0.0	0.0
6.18	0.969251495354927	295.0	295.0	0.0	0.0	0.0	0.0
6.19	0.969251495354927	295.0	295.0	0.0	0.0	0.0	0.0
6.2	0.969251495354927	295.0	295.0	0.0	0.0	0.0	0.0
6.21	0.969251495354927	295.0	295.0	0.0	0.0	0.0	0.0
6.22	0.969251495354927	295.0	295.0	0.0	0.0	0.0	0.0
6.2299999999999995	0.969251495354927	295.0	295.0	0.0	0.0	0.0	0.0
6.24	0.969251495354927	295.0	295.0	0.0	0.0	0.0	0.0
6.25	0.969251495354927	295.0	295.0	0.0	0.0	0.0	0.0
6.26	0.969251495354927	295.0	295.0	0.0	0.0	0.0	0.0
6.27	0.969251495354927	295.0	295.0	0.0	0.0	0.0	0.0
6.28	0.969251495354927	295.0	295.0	0.0	0.0	0.0	0.0
6.29	0.969251495354927	295.0	295.0	0.0	0.0	0.0	0.0
6.3	0.969251495354927	295.0	295.0	0.0	0.0	0.0	0.0
6.31	0.969251495354927	295.0	295.0	0.0	0.0	0.0	0.0
6.319999999999999	0.969251495354927	295.0	295.0	0.0	0.0	0.0	0.0
6.33	0.969251495354927	295.0	295.0	0.0	0.0	0.0	0.0
6.34	0.969251495354927	295.0	295.0	0.0	0.0	0.0	0.0
6.3500000000000005	0.969251495354927	295.0	295.0	0.0	0.0	0.0	0.0
6.359999999999999	0.969251495354927	295.0	295.0	0.0	0.0	0.0	0.0
6.37	0.969251495354927	295.0	295.0	0.0	0.0	0.0	0.0
6.38	0.969251495354927	295.0	295.0	0.0	0.0	0.0	0.0
6.39	0.969251495354927	295.0	295.0	0.0	0.0	0.0	0.0
6.4	0.969251495354927	295.0	295.0	0.0	0.0	0.0	0.0
6.409999999999999	0.969251495354927	295.0	295.0	0.0	0.0	0.0	0.0
6.42	0.969251495354927	295.0	295.0	0.0	0.0	0.0	0.0
6.43	0.969251495354927	295.0	295.0	0.0	0.0	0.0	0.0
6.44	0.969251495354927	295.0	295.0	0.0	0.0	0.0	0.0
6.45	0.969251495354927	295.0	295.0	0.0	0.0	0.0	0.0
6.46	0.969251495354927	295.0	295.0	0.0	0.0	0.0	0.0
6.47	0.969251495354927	295.0	295.0	0.0	0.0	0.0	0.0
6.4799999999999995	0.969251495354927	295.0	295.0	0.0	0.0	0.0	0.0
6.49	0.969251495354927	295.0	295.0	0.0	0.0	0.0	0.0
6.5	0.969251495354927	295.0	295.0	0.0	0.0	0.0	0.0
6.51	0.969251495354927	295.0	295.0	0.0	0.0	0.0	0.0
6.52	0.969251495354927	295.0	295.0	0.0	0.0	0.0	0.0
6.53	0.969251495354927	295.0	295.0	0.0	0.0	0.0	0.0
6.54	0.969251495354927	295.0	295.0	0.0	0.0	0.0	0.0
6.55	0.969251495354927	295.0	295.0	0.0	0.0	0.0	0.0
6.56	0.969251495354927	295.0	295.0	0.0	0.0	0.0	0.0
6.569999999999999	0.969251495354927	295.0	295.0	0.0	0.0	0.0	0.0
6.58	0.969251495354927	295.0	295.0	0.0	0.0	0.0	0.0
6.59	0.969251495354927	295.0	295.0	0.0	0.0	0.0	0.0
6.6000000000000005	0.969251495354927	295.0	295.0	0.0	0.0	0.0	0.0
6.609999999999999	0.969251495354927	295.0	295.0	0.0	0.0	0.0	0.0
6.619999999999999	0.969251495354927	295.0	295.0	0.0	0.0	0.0	0.0
6.63	0.969251495354927	295.0	295.0	0.0	0.0	0.0	0.0
6.64	0.969251495354927	295.0	295.0	0.0	0.0	0.0	0.0
6.65	0.969251495354927	295.0	295.0	0.0	0.0	0.0	0.0
6.659999999999999	0.969251495354927	295.0	295.0	0.0	0.0	0.0	0.0
6.67	0.969251495354927	295.0	295.0	0.0	0.0	0.0	0.0
6.68	0.969251495354927	295.0	295.0	0.0	0.0	0.0	0.0
6.69	0.969251495354927	295.0	295.0	0.0	0.0	0.0	0.0
6.7	0.969251495354927	295.0	295.0	0.0	0.0	0.0	0.0
6.709999999999999	0.969251495354927	295.0	295.0	0.0	0.0	0.0	0.0
6.72	0.969251495354927	295.0	295.0	0.0	0.0	0.0	0.0
6.7299999999999995	0.969251495354927	295.0	295.0	0.0	0.0	0.0	0.0
6.74	0.969251495354927	295.0	295.0	0.0	0.0	0.0	0.0
6.75	0.969251495354927	295.0	295.0	0.0	0.0	0.0	0.0
6.76	0.969251495354927	295.0	295.0	0.0	0.0	0.0	0.0
6.77	0.969251495354927	295.0	295.0	0.0	0.0	0.0	0.0
6.779999999999999	0.969251495354927	295.0	295.0	0.0	0.0	0.0	0.0
6.79	0.969251495354927	295.0	295.0	0.0	0.0	0.0	0.0
6.8	0.969251495354927	295.0	295.0	0.0	0.0	0.0	0.0
6.81	0.969251495354927	295.0	295.0	0.0	0.0	0.0	0.0
6.819999999999999	0.969251495354927	295.0	295.0	0.0	0.0	0.0	0.0
6.83	0.969251495354927	295.0	295.0	0.0	0.0	0.0	0.0
6.84	0.969251495354927	295.0	295.0	0.0	0.0	0.0	0.0
6.8500000000000005	0.969251495354927	295.0	295.0	0.0	0.0	0.0	0.0
6.86	0.969251495354927	295.0	295.0	0.0	0.0	0.0	0.0
6.869999999999999	0.969251495354927	295.0	295.0	0.0	0.0	0.0	0.0
6.88	0.969251495354927	295.0	295.0	0.0	0.0	0.0	0.0
6.89	0.969251495354927	295.0	295.0	0.0	0.0	0.0	0.0
6.9	0.969251495354927	295.0	295.0	0.0	0.0	0.0	0.0
6.91	0.969251495354927	295.0	295.0	0.0	0.0	0.0	0.0
6.92	0.969251495354927	295.0	295.0	0.0	0.0	0.0	0.0
6.93	0.969251495354927	295.0	295.0	0.0	0.0	0.0	0.0
6.9399999999999995	0.969251495354927	295.0	295.0	0.0	0.0	0.0	0.0
6.95	0.969251495354927	295.0	295.0	0.0	0.0	0.0	0.0
6.96	0.969251495354927	295.0	295.0	0.0	0.0	0.0	0.0
6.97	0.969251495354927	295.0	295.0	0.0	0.0	0.0	0.0
6.9799999999999995	0.969251495354927	295.0	295.0	0.0	0.0	0.0	0.0
6.99	0.969251495354927	295.0	295.0	0.0	0.0	0.0	0.0
7.0	0.969251495354927	295.0	295.0	0.0	0.0	0.0	0.0
7.01	0.969251495354927	295.0	295.0	0.0	0.0	0.0	0.0
7.02	0.969251495354927	295.0	295.0	0.0	0.0	0.0	0.0
7.029999999999999	0.969251495354927	295.0	295.0	0.0	0.0	0.0	0.0
7.04	0.969251495354927	295.0	295.0	0.0	0.0	0.0	0.0
7.05	0.969251495354927	295.0	295.0	0.0	0.0	0.0	0.0
7.0600000000000005	0.969251495354927	295.0	295.0	0.0	0.0	0.0	0.0
7.069999999999999	0.969251495354927	295.0	295.0	0.0	0.0	0.0	0.0
7.08	0.969251495354927	295.0	295.0	0.0	0.0	0.0	0.0
7.09	0.969251495354927	295.0	295.0	0.0	0.0	0.0	0.0
7.1	0.969251495354927	295.0	295.0	0.0	0.0	0.0	0.0
7.11	0.969251495354927	295.0	295.0	0.0	0.0	0.0	0.0
7.119999999999999	0.969251495354927	295.0	295.0	0.0	0.0	0.0	0.0
7.13	0.969251495354927	295.0	295.0	0.0	0.0	0.0	0.0
7.14	0.969251495354927	295.0	295.0	0.0	0.0	0.0	0.0
7.15	0.969251495354927	295.0	295.0	0.0	0.0	0.0	0.0
7.16	0.969251495354927	295.0	295.0	0.0	0.0	0.0	0.0
7.17	0.969251495354927	295.0	295.0	0.0	0.0	0.0	0.0
7.18	0.969251495354927	295.0	295.0	0.0	0.0	0.0	0.0
7.1899999999999995	0.969251495354927	295.0	295.0	0.0	0.0	0.0	0.0
7.2	0.969251495354927	295.0	295.0	0.0	0.0	0.0	0.0
7.21	0.969251495354927	295.0	295.0	0.0	0.0	0.0	0.0
7.22	0.969251495354927	295.0	295.0	0.0	0.0	0.0	0.0
7.2299999999999995	0.969251495354927	295.0	295.0	0.0	0.0	0.0	0.0
7.24	0.969251495354927	295.0	295.0	0.0	0.0	0.0	0.0
7.25	0.969251495354927	295.0	295.0	0.0	0.0	0.0	0.0
7.26	0.969251495354927	295.0	295.0	0.0	0.0	0.0	0.0
7.27	0.969251495354927	295.0	295.0	0.0	0.0	0.0	0.0
7.279999999999999	0.969251495354927	295.0	295.0	0.0	0.0	0.0	0.0
7.29	0.969251495354927	295.0	295.0	0.0	0.0	0.0	0.0
7.3	0.969251495354927	295.0	295.0	0.0	0.0	0.0	0.0
7.3100000000000005	0.969251495354927	295.0	295.0	0.0	0.0	0.0	0.0
7.32	0.969251495354927	295.0	295.0	0.0	0.0	0.0	0.0
7.33	0.969251495354927	295.0	295.0	0.0	0.0	0.0	0.0
7.340000000000001	0.969251495354927	295.0	295.0	0.0	0.0	0.0	0.0
7.349999999999999	0.969251495354927	295.0	295.0	0.0	0.0	0.0	0.0
7.359999999999999	0.969251495354927	295.0	295.0	0.0	0.0	0.0	0.0
7.369999999999999	0.969251495354927	295.0	295.0	0.0	0.0	0.0	0.0
7.38	0.969251495354927	295.0	295.0	0.0	0.0	0.0	0.0
7.39	0.969251495354927	295.0	295.0	0.0	0.0	0.0	0.0
7.4	0.969251495354927	295.0	295.0	0.0	0.0	0.0	0.0
7.41	0.969251495354927	295.0	295.0	0.0	0.0	0.0	0.0
7.42	0.969251495354927	295.0	295.0	0.0	0.0	0.0	0.0
7.430000000000001	0.969251495354927	295.0	295.0	0.0	0.0	0.0	0.0
7.44	0.969251495354927	295.0	295.0	0.0	0.0	0.0	0.0
7.449999999999999	0.969251495354927	295.0	295.0	0.0	0.0	0.0	0.0
7.459999999999999	0.969251495354927	295.0	295.0	0.0	0.0	0.0	0.0
7.47	0.969251495354927	295.0	295.0	0.0	0.0	0.0	0.0
7.4799999999999995	0.969251495354927	295.0	295.0	0.0	0.0	0.0	0.0
7.49	0.969251495354927	295.0	295.0	0.0	0.0	0.0	0.0
7.5	0.969251495354927	295.0	295.0	0.0	0.0	0.0	0.0
7.51	0.969251495354927	295.0	295.0	0.0	0.0	0.0	0.0
7.5200000000000005	0.969251495354927	295.0	295.0	0.0	0.0	0.0	0.0
7.53	0.969251495354927	295.0	295.0	0.0	0.0	0.0	0.0
7.540000000000001	0.969251495354927	295.0	295.0	0.0	0.0	0.0	0.0
7.549999999999999	0.969251495354927	295.0	295.0	0.0	0.0	0.0	0.0
7.56	0.969251495354927	295.0	295.0	0.0	0.0	0.0	0.0
7.569999999999999	0.969251495354927	295.0	295.0	0.0	0.0	0.0	0.0
7.579999999999999	0.969251495354927	295.0	295.0	0.0	0.0	0.0	0.0
7.59	0.969251495354927	295.0	295.0	0.0	0.0	0.0	0.0
7.6	0.969251495354927	295.0	295.0	0.0	0.0	0.0	0.0
7.61	0.969251495354927	295.0	295.0	0.0	0.0	0.0	0.0
7.62	0.969251495354927	295.0	295.0	0.0	0.0	0.0	0.0
7.630000000000001	0.969251495354927	295.0	295.0	0.0	0.0	0.0	0.0
7.640000000000001	0.969251495354927	295.0	295.0	0.0	0.0	0.0	0.0
7.6499999999999995	0.969251495354927	295.0	295.0	0.0	0.0	0.0	0.0
7.659999999999999	0.969251495354927	295.0	295.0	0.0	0.0	0.0	0.0
7.669999999999999	0.969251495354927	295.0	295.0	0.0	0.0	0.0	0.0
7.68	0.969251495354927	295.0	295.0	0.0	0.0	0.0	0.0
7.6899999999999995	0.969251495354927	295.0	295.0	0.0	0.0	0.0	0.0
7.7	0.969251495354927	295.0	295.0	0.0	0.0	0.0	0.0
7.71	0.969251495354927	295.0	295.0	0.0	0.0	0.0	0.0
7.720000000000001	0.969251495354927	295.0	295.0	0.0	0.0	0.0	0.0
7.73	0.969251495354927	295.0	295.0	0.0	0.0	0.0	0.0
7.74	0.969251495354927	295.0	295.0	0.0	0.0	0.0	0.0
7.749999999999999	0.969251495354927	295.0	295.0	0.0	0.0	0.0	0.0
7.759999999999999	0.969251495354927	295.0	295.0	0.0	0.0	0.0	0.0
7.77	0.969251495354927	295.0	295.0	0.0	0.0	0.0	0.0
7.779999999999999	0.969251495354927	295.0	295.0	0.0	0.0	0.0	0.0
7.79	0.969251495354927	295.0	295.0	0.0	0.0	0.0	0.0
7.8	0.969251495354927	295.0	295.0	0.0	0.0	0.0	0.0
7.81	0.969251495354927	295.0	295.0	0.0	0.0	0.0	0.0
7.82	0.969251495354927	295.0	295.0	0.0	0.0	0.0	0.0
7.83	0.969251495354927	295.0	295.0	0.0	0.0	0.0	0.0
7.840000000000001	0.969251495354927	295.0	295.0	0.0	0.0	0.0	0.0
7.849999999999999	0.969251495354927	295.0	295.0	0.0	0.0	0.0	0.0
7.859999999999999	0.969251495354927	295.0	295.0	0.0	0.0	0.0	0.0
7.869999999999999	0.969251495354927	295.0	295.0	0.0	0.0	0.0	0.0
7.88	0.969251495354927	295.0	295.0	0.0	0.0	0.0	0.0
7.89	0.969251495354927	295.0	295.0	0.0	0.0	0.0	0.0
7.8999999999999995	0.969251495354927	295.0	295.0	0.0	0.0	0.0	0.0
7.91	0.969251495354927	295.0	295.0	0.0	0.0	0.0	0.0
7.92	0.969251495354927	295.0	295.0	0.0	0.0	0.0	0.0
7.930000000000001	0.969251495354927	295.0	295.0	0.0	0.0	0.0	0.0
7.94	0.969251495354927	295.0	295.0	0.0	0.0	0.0	0.0
7.949999999999999	0.969251495354927	295.0	295.0	0.0	0.0	0.0	0.0
7.959999999999999	0.969251495354927	295.0	295.0	0.0	0.0	0.0	0.0
7.97	0.969251495354927	295.0	295.0	0.0	0.0	0.0	0.0
7.9799999999999995	0.969251495354927	295.0	295.0	0.0	0.0	0.0	0.0
7.989999999999999	0.969251495354927	295.0	295.0	0.0	0.0	0.0	0.0
8.0	0.969251495354927	295.0	295.0	0.0	0.0	0.0	0.0
8.01	0.969251495354927	295.0	295.0	0.0	0.0	0.0	0.0
8.02	0.969251495354927	295.0	295.0	0.0	0.0	0.0	0.0
8.030000000000001	0.969251495354927	295.0	295.0	0.0	0.0	0.0	0.0
8.040000000000001	0.969251495354927	295.0	295.0	0.0	0.0	0.0	0.0
8.05	0.969251495354927	295.0	295.0	0.0	0.0	0.0	0.0
8.059999999999999	0.969251495354927	295.0	295.0	0.0	0.0	0.0	0.0
8.069999999999999	0.969251495354927	295.0	295.0	0.0	0.0	0.0	0.0
8.08	0.969251495354927	295.0	295.0	0.0	0.0	0.0	0.0
8.09	0.969251495354927	295.0	295.0	0.0	0.0	0.0	0.0
8.1	0.969251495354927	295.0	295.0	0.0	0.0	0.0	0.0
8.11	0.969251495354927	295.0	295.0	0.0	0.0	0.0	0.0
8.120000000000001	0.969251495354927	295.0	295.0	0.0	0.0	0.0	0.0
8.13	0.969251495354927	295.0	295.0	0.0	0.0	0.0	0.0
8.14	0.969251495354927	295.0	295.0	0.0	0.0	0.0	0.0
8.15	0.969251495354927	295.0	295.0	0.0	0.0	0.0	0.0
8.159999999999998	0.969251495354927	295.0	295.0	0.0	0.0	0.0	0.0
8.17	0.969251495354927	295.0	295.0	0.0	0.0	0.0	0.0
8.18	0.969251495354927	295.0	295.0	0.0	0.0	0.0	0.0
8.19	0.969251495354927	295.0	295.0	0.0	0.0	0.0	0.0
8.2	0.969251495354927	295.0	295.0	0.0	0.0	0.0	0.0
8.209999999999999	0.969251495354927	295.0	295.0	0.0	0.0	0.0	0.0
8.22	0.969251495354927	295.0	295.0	0.0	0.0	0.0	0.0
8.23	0.969251495354927	295.0	295.0	0.0	0.0	0.0	0.0
8.24	0.969251495354927	295.0	295.0	0.0	0.0	0.0	0.0
8.25	0.969251495354927	295.0	295.0	0.0	0.0	0.0	0.0
8.26	0.969251495354927	295.0	295.0	0.0	0.0	0.0	0.0
8.27	0.969251495354927	295.0	295.0	0.0	0.0	0.0	0.0
8.28	0.969251495354927	295.0	295.0	0.0	0.0	0.0	0.0
8.29	0.969251495354927	295.0	295.0	0.0	0.0	0.0	0.0
8.299999999999999	0.969251495354927	295.0	295.0	0.0	0.0	0.0	0.0
8.31	0.969251495354927	295.0	295.0	0.0	0.0	0.0	0.0
8.32	0.969251495354927	295.0	295.0	0.0	0.0	0.0	0.0
8.33	0.969251495354927	295.0	295.0	0.0	0.0	0.0	0.0
8.34	0.969251495354927	295.0	295.0	0.0	0.0	0.0	0.0
8.350000000000001	0.969251495354927	295.0	295.0	0.0	0.0	0.0	0.0
8.36	0.969251495354927	295.0	295.0	0.0	0.0	0.0	0.0
8.37	0.969251495354927	295.0	295.0	0.0	0.0	0.0	0.0
8.379999999999999	0.969251495354927	295.0	295.0	0.0	0.0	0.0	0.0
8.389999999999999	0.969251495354927	295.0	295.0	0.0	0.0	0.0	0.0
8.4	0.969251495354927	295.0	295.0	0.0	0.0	0.0	0.0
8.41	0.969251495354927	295.0	295.0	0.0	0.0	0.0	0.0
8.42	0.969251495354927	295.0	295.0	0.0	0.0	0.0	0.0
8.43	0.969251495354927	295.0	295.0	0.0	0.0	0.0	0.0
8.44	0.969251495354927	295.0	295.0	0.0	0.0	0.0	0.0
8.450000000000001	0.969251495354927	295.0	295.0	0.0	0.0	0.0	0.0
8.459999999999999	0.969251495354927	295.0	295.0	0.0	0.0	0.0	0.0
8.469999999999999	0.969251495354927	295.0	295.0	0.0	0.0	0.0	0.0
8.479999999999999	0.969251495354927	295.0	295.0	0.0	0.0	0.0	0.0
8.49	0.969251495354927	295.0	295.0	0.0	0.0	0.0	0.0
8.5	0.969251495354927	295.0	295.0	0.0	0.0	0.0	0.0
8.51	0.969251495354927	295.0	295.0	0.0	0.0	0.0	0.0
8.52	0.969251495354927	295.0	295.0	0.0	0.0	0.0	0.0
8.53	0.969251495354927	295.0	295.0	0.0	0.0	0.0	0.0
8.540000000000001	0.969251495354927	295.0	295.0	0.0	0.0	0.0	0.0
8.55	0.969251495354927	295.0	295.0	0.0	0.0	0.0	0.0
8.559999999999999	0.969251495354927	295.0	295.0	0.0	0.0	0.0	0.0
8.569999999999999	0.969251495354927	295.0	295.0	0.0	0.0	0.0	0.0
8.58	0.969251495354927	295.0	295.0	0.0	0.0	0.0	0.0
8.59	0.969251495354927	295.0	295.0	0.0	0.0	0.0	0.0
8.6	0.969251495354927	295.0	295.0	0.0	0.0	0.0	0.0
8.61	0.969251495354927	295.0	295.0	0.0	0.0	0.0	0.0
8.62	0.969251495354927	295.0	295.0	0.0	0.0	0.0	0.0
8.63	0.969251495354927	295.0	295.0	0.0	0.0	0.0	0.0
8.64	0.969251495354927	295.0	295.0	0.0	0.0	0.0	0.0
8.65	0.969251495354927	295.0	295.0	0.0	0.0	0.0	0.0
8.659999999999998	0.969251495354927	295.0	295.0	0.0	0.0	0.0	0.0
8.67	0.969251495354927	295.0	295.0	0.0	0.0	0.0	0.0
8.68	0.969251495354927	295.0	295.0	0.0	0.0	0.0	0.0
8.69	0.969251495354927	295.0	295.0	0.0	0.0	0.0	0.0
8.7	0.969251495354927	295.0	295.0	0.0	0.0	0.0	0.0
8.709999999999999	0.969251495354927	295.0	295.0	0.0	0.0	0.0	0.0
8.72	0.969251495354927	295.0	295.0	0.0	0.0	0.0	0.0
8.73	0.969251495354927	295.0	295.0	0.0	0.0	0.0	0.0
8.74	0.969251495354927	295.0	295.0	0.0	0.0	0.0	0.0
8.75	0.969251495354927	295.0	295.0	0.0	0.0	0.0	0.0
8.76	0.969251495354927	295.0	295.0	0.0	0.0	0.0	0.0
8.77	0.969251495354927	295.0	295.0	0.0	0.0	0.0	0.0
8.78	0.969251495354927	295.0	295.0	0.0	0.0	0.0	0.0
8.79	0.969251495354927	295.0	295.0	0.0	0.0	0.0	0.0
8.799999999999999	0.969251495354927	295.0	295.0	0.0	0.0	0.0	0.0
8.81	0.969251495354927	295.0	295.0	0.0	0.0	0.0	0.0
8.82	0.969251495354927	295.0	295.0	0.0	0.0	0.0	0.0
8.83	0.969251495354927	295.0	295.0	0.0	0.0	0.0	0.0
8.84	0.969251495354927	295.0	295.0	0.0	0.0	0.0	0.0
8.85	0.969251495354927	295.0	295.0	0.0	0.0	0.0	0.0
8.860000000000001	0.969251495354927	295.0	295.0	0.0	0.0	0.0	0.0
8.87	0.969251495354927	295.0	295.0	0.0	0.0	0.0	0.0
8.879999999999999	0.969251495354927	295.0	295.0	0.0	0.0	0.0	0.0
8.889999999999999	0.969251495354927	295.0	295.0	0.0	0.0	0.0	0.0
8.9	0.969251495354927	295.0	295.0	0.0	0.0	0.0	0.0
8.91	0.969251495354927	295.0	295.0	0.0	0.0	0.0	0.0
8.92	0.969251495354927	295.0	295.0	0.0	0.0	0.0	0.0
8.93	0.969251495354927	295.0	295.0	0.0	0.0	0.0	0.0
8.94	0.969251495354927	295.0	295.0	0.0	0.0	0.0	0.0
8.950000000000001	0.969251495354927	295.0	295.0	0.0	0.0	0.0	0.0
8.96	0.969251495354927	295.0	295.0	0.0	0.0	0.0	0.0
8.969999999999999	0.969251495354927	295.0	295.0	0.0	0.0	0.0	0.0
8.979999999999999	0.969251495354927	295.0	295.0	0.0	0.0	0.0	0.0
8.99	0.969251495354927	295.0	295.0	0.0	0.0	0.0	0.0
9.0	0.969251495354927	295.0	295.0	0.0	0.0	0.0	0.0
9.01	0.969251495354927	295.0	295.0	0.0	0.0	0.0	0.0
9.02	0.969251495354927	295.0	295.0	0.0	0.0	0.0	0.0
9.03	0.969251495354927	295.0	295.0	0.0	0.0	0.0	0.0
9.040000000000001	0.969251495354927	295.0	295.0	0.0	0.0	0.0	0.0
9.05	0.969251495354927	295.0	295.0	0.0	0.0	0.0	0.0
9.06	0.969251495354927	295.0	295.0	0.0	0.0	0.0	0.0
9.069999999999999	0.969251495354927	295.0	295.0	0.0	0.0	0.0	0.0
9.08	0.969251495354927	295.0	295.0	0.0	0.0	0.0	0.0
9.09	0.969251495354927	295.0	295.0	0.0	0.0	0.0	0.0
9.1	0.969251495354927	295.0	295.0	0.0	0.0	0.0	0.0
9.11	0.969251495354927	295.0	295.0	0.0	0.0	0.0	0.0
9.12	0.969251495354927	295.0	295.0	0.0	0.0	0.0	0.0
9.13	0.969251495354927	295.0	295.0	0.0	0.0	0.0	0.0
9.14	0.969251495354927	295.0	295.0	0.0	0.0	0.0	0.0
9.15	0.969251495354927	295.0	295.0	0.0	0.0	0.0	0.0
9.16	0.969251495354927	295.0	295.0	0.0	0.0	0.0	0.0
9.17	0.969251495354927	295.0	295.0	0.0	0.0	0.0	0.0
9.18	0.969251495354927	295.0	295.0	0.0	0.0	0.0	0.0
9.19	0.969251495354927	295.0	295.0	0.0	0.0	0.0	0.0
9.2	0.969251495354927	295.0	295.0	0.0	0.0	0.0	0.0
9.209999999999999	0.969251495354927	295.0	295.0	0.0	0.0	0.0	0.0
9.22	0.969251495354927	295.0	295.0	0.0	0.0	0.0	0.0
9.23	0.969251495354927	295.0	295.0	0.0	0.0	0.0	0.0
9.24	0.969251495354927	295.0	295.0	0.0	0.0	0.0	0.0
9.25	0.969251495354927	295.0	295.0	0.0	0.0	0.0	0.0
9.26	0.969251495354927	295.0	295.0	0.0	0.0	0.0	0.0
9.27	0.969251495354927	295.0	295.0	0.0	0.0	0.0	0.0
9.28	0.969251495354927	295.0	295.0	0.0	0.0	0.0	0.0
9.29	0.969251495354927	295.0	295.0	0.0	0.0	0.0	0.0
9.299999999999999	0.969251495354927	295.0	295.0	0.0	0.0	0.0	0.0
9.31	0.969251495354927	295.0	295.0	4.83690403147e-313	4.83690403147e-313	0.0	0.0
9.32	0.969251495354927	295.0	295.0	7.472941620065284e-304	7.472941620065284e-304	0.0	0.0
9.33	0.969251495354927	295.0	295.0	8.480301161820585e-295	8.480301161820585e-295	0.0	0.0
9.34	0.969251495354927	295.0	295.0	7.0694469088597345e-286	7.0694469088597345e-286	0.0	0.0
9.35	0.969251495354927	295.0	295.0	4.329293232400686e-277	4.329293232400686e-277	0.0	0.0
9.360000000000001	0.969251495354927	295.0	295.0	1.9476415672745743e-268	1.9476415672745743e-268	0.0	0.0
9.37	0.969251495354927	295.0	295.0	6.436721839316033e-260	6.436721839316033e-260	0.0	0.0
9.379999999999999	0.969251495354927	295.0	295.0	1.5627427158089244e-251	1.5627427158089244e-251	0.0	0.0
9.389999999999999	0.969251495354927	295.0	295.0	2.7872811828493284e-243	2.7872811828493284e-243	0.0	0.0
9.4	0.969251495354927	295.0	295.0	3.6521477348813434e-235	3.6521477348813434e-235	0.0	0.0
9.41	0.969251495354927	295.0	295.0	3.51555606008535e-227	3.51555606008535e-227	0.0	0.0
9.42	0.969251495354927	295.0	295.0	2.4861191228343046e-219	2.4861191228343046e-219	0.0	0.0
9.43	0.969251495354927	295.0	295.0	1.2916247158065104e-211	1.2916247158065104e-211	0.0	0.0
9.44	0.969251495354927	295.0	295.0	4.929941689765554e-204	4.929941689765554e-204	0.0	0.0
9.450000000000001	0.969251495354927	295.0	295.0	1.3824295234033745e-196	1.3824295234033745e-196	0.0	0.0
9.46	0.969251495354927	295.0	295.0	2.8480330056808666e-189	2.8480330056808666e-189	0.0	0.0
9.469999999999999	0.969251495354927	295.0	295.0	4.310752947600007e-182	4.310752947600007e-182	0.0	0.0
9.479999999999999	0.969251495354927	295.0	295.0	4.7937231096336043e-175	4.7937231096336043e-175	0.0	0.0
9.49	0.969251495354927	295.0	295.0	3.916610397056475e-168	3.916610397056475e-168	0.0	0.0
9.5	0.969251495354927	295.0	295.0	2.351103157368496e-161	2.351103157368496e-161	0.0	0.0
9.51	0.969251495354927	295.0	295.0	1.0369636359000672e-154	1.0369636359000672e-154	0.0	0.0
9.52	0.969251495354927	295.0	295.0	3.3604152788285186e-148	3.3604152788285186e-148	0.0	0.0
9.53	0.969251495354927	295.0	295.0	8.001427016587464e-142	8.001427016587464e-142	0.0	0.0
9.540000000000001	0.969251495354927	295.0	295.0	1.3998934767388058e-135	1.3998934767388058e-135	0.0	0.0
9.55	0.969251495354927	295.0	295.0	1.7996334822878645e-129	1.7996334822878645e-129	0.0	0.0
9.56	0.969251495354927	295.0	295.0	1.699979668789688e-123	1.699979668789688e-123	0.0	0.0
9.569999999999999	0.969251495354927	295.0	295.0	1.1800044606421134e-117	1.1800044606421134e-117	0.0	0.0
9.579999999999998	0.969251495354927	295.0	295.0	6.018859062104882e-112	6.018859062104882e-112	0.0	0.0
9.59	0.969251495354927	295.0	295.0	2.2560378618472882e-106	2.2560378618472882e-106	0.0	0.0
9.6	0.969251495354927	295.0	295.0	6.214299338783224e-101	6.214299338783224e-101	0.0	0.0
9.61	0.969251495354927	295.0	295.0	1.257952692361975e-95	1.257952692361975e-95	0.0	0.0
9.62	0.969251495354927	295.0	295.0	1.8714428206354002e-90	1.8714428206354002e-90	0.0	0.0
9.63	0.969251495354927	295.0	295.0	2.046179692062322e-85	2.046179692062322e-85	0.0	0.0
9.64	0.969251495354927	295.0	295.0	1.6443034593198283e-80	1.6443034593198283e-80	0.0	0.0
9.65	0.969251495354927	295.0	295.0	9.711996821785859e-76	9.711996821785859e-76	0.0	0.0
9.66	0.969251495354927	295.0	295.0	4.216404822433813e-71	4.216404822433813e-71	0.0	0.0
9.67	0.969251495354927	295.0	295.0	1.345562204277678e-66	1.345562204277678e-66	0.0	0.0
9.68	0.969251495354927	295.0	295.0	3.1565692103802346e-62	3.1565692103802346e-62	0.0	0.0
9.69	0.969251495354927	295.0	295.0	5.4437896782607125e-58	5.4437896782607125e-58	0.0	0.0
9.7	0.969251495354927	295.0	295.0	6.90221707987869e-54	6.90221707987869e-54	0.0	0.0
9.709999999999999	0.969251495354927	295.0	295.0	6.434377878752298e-50	6.434377878752298e-50	0.0	0.0
9.72	0.969251495354927	295.0	295.0	4.410497789744795e-46	4.410497789744795e-46	0.0	0.0
9.73	0.969251495354927	295.0	295.0	2.223144062252735e-42	2.223144062252735e-42	0.0	0.0
9.74	0.969251495354927	295.0	295.0	8.24112183030961e-39	8.24112183030961e-39	0.0	0.0
9.75	0.969251495354927	295.0	295.0	2.2469224650697235e-35	2.2469224650697235e-35	0.0	0.0
9.76	0.969251495354927	295.0	295.0	4.506323575585011e-32	4.506323575585011e-32	0.0	0.0
9.770000000000001	0.969251495354927	295.0	295.0	6.648822909526222e-29	6.648822909526222e-29	0.0	0.0
9.78	0.969251495354927	295.0	295.0	7.218017271221326e-26	7.218017271221326e-26	0.0	0.0
9.79	0.969251495354927	295.0	295.0	5.76650667596729e-23	5.76650667596729e-23	0.0	0.0
9.799999999999999	0.969251495354927	295.0	295.0	3.390862864896096e-20	3.390862864896096e-20	0.0	0.0
9.809999999999999	0.969251495354927	295.0	295.0	1.4679211612379172e-17	1.4679211612379172e-17	0.0	0.0
9.82	0.969251495354927	295.0	295.0	4.67947260171388e-15	4.67947260171388e-15	0.0	0.0
9.83	0.969251495354927	295.0	295.0	1.0987942054347469e-12	1.0987942054347469e-12	0.0	0.0
9.84	0.969251495354927	295.0	295.0	1.9011020836566589e-10	1.9011020836566589e-10	0.0	0.0
9.85	0.969251495354927	295.0	295.0	2.4245662246377217e-08	2.4245662246377217e-08	0.0	0.0
9.860000000000001	0.969251495354927	295.000000000001	295.0	2.2803626369520606e-06	2.2768403345023506e-06	3.5223024497099686e-09	0.0
9.870000000000001	0.969251495354927	295.0000000000966	295.0	0.00015825476016485988	0.00015735717160138445	8.975885634754377e-07	0.0
9.879999999999999	0.9692514953549135	295.00000000496624	295.0000000000215	0.008109337889703175	0.008058488849524684	5.084904017849112e-05	0.0
9.889999999999999	0.9692514953540284	295.0000001879751	295.000000000896	0.3070777608044785	0.30499017299434067	0.0020875878101378476	0.0
9.899999999999999	0.9692514953269259	295.00000526228513	295.00000002736755	8.601824609828892	8.538058316345651	0.06376629348324059	0.0
9.91	0.9692514947166163	295.0001091030745	295.0000006235796	178.47271234975065	177.01977246502165	1.4529398847290054	0.0
9.92	0.9692514844814546	295.00167798873116	295.0000106284383	2747.3088227625267	2722.5445628271123	24.764259935415396	0.0
9.93	0.9692513563330443	295.0191836142447	295.0001359839474	31443.280639199635	31126.438043314163	316.8425958854732	0.0
9.94	0.9692501550912624	295.16345008408416	295.00131176713836	268328.40696543315	265271.9895342938	3056.417431139359	0.0
9.950000000000001	0.9692416889731141	296.0407344908085	295.0095912843305	1713944.6264582383	1691596.9339696916	22347.69248854682	0.0
9.96	0.969196475969883	299.9588014831672	295.0534530649455	8238334.0891638845	8113788.447842637	124545.64132125053	0.0
9.97	0.9690107992053146	312.6461297596453	295.2281669546837	30024101.326324917	29492472.32191336	531629.0044115671	0.0
