Delay [ps] Temperature [K] Temperature error [K]
-1.594 295.3  2.2
-0.594 295.3  2.2
-0.494 292.9  2.3
-0.444 294.1  2.2
-0.394 294.1  2.2
-0.344 293.0  2.2
-0.294 295.0  2.2
-0.244 292.4  2.2
-0.194 292.9  2.2
-0.144 295.1  2.2
-0.094 295.1  2.2
-0.044 297.6  2.2
0.006 299.5  2.2
0.056 301.6  2.2
0.106 305.3  2.2
0.156 309.2  2.2
0.206 310.0  2.2
0.256 313.8  2.2
0.306 316.8  2.2
0.356 318.8  2.2
0.406 319.9  2.2
0.456 320.2  2.2
0.506 320.8  2.2
0.606 321.9  2.2
0.706 322.0  2.2
0.806 323.9  2.2
0.906 324.8  2.2
1.006 324.0  2.2
1.106 325.1  2.2
1.206 324.8  2.2
1.306 324.2  2.2
1.406 326.7  2.2
1.506 324.7  2.2
1.606 325.8  2.2
1.706 325.3  2.2
1.806 324.4  2.2
1.906 325.8  2.2
2.156 326.1  2.2
2.406 326.5  2.2
2.656 326.5  2.2
2.906 326.1  2.1
3.306 326.5  2.2
3.706 327.4  2.2
4.106 326.7  2.3
4.506 326.2  2.2
4.906 326.9  2.2
5.306 326.1  2.2
5.706 326.5  2.3
6.106 326.3  2.2
6.506 325.4  2.2
6.906 325.6  2.2
7.906 324.9  2.2
8.906 322.8  2.2
9.906 322.7  2.2
12.406 322.4  2.2
14.906 323.4  2.3
17.406 323.5  2.2
19.906 321.2  2.2