Delay [ps] Temperature [K] Temperature error [K]
-1.569 295.0  2.2
-0.569 293.7  2.3
-0.469 293.8  2.3
-0.419 294.6  2.2
-0.369 294.4  2.3
-0.319 294.4  2.3
-0.269 295.0  2.2
-0.219 294.5  2.2
-0.169 295.9  2.2
-0.119 297.8  2.2
-0.069 300.7  2.3
-0.019 303.4  2.3
0.031 309.0  2.3
0.081 314.2  2.3
0.131 322.8  2.3
0.181 329.4  2.3
0.231 334.5  2.3
0.281 342.1  2.3
0.331 347.5  2.2
0.381 351.4  2.2
0.431 355.0  2.2
0.481 356.5  2.3
0.531 361.4  2.3
0.631 364.1  2.3
0.731 363.1  2.3
0.831 367.0  2.3
0.931 364.3  2.3
1.031 368.3  2.3
1.131 368.1  2.3
1.231 368.8  2.3
1.331 367.5  2.3
1.431 370.1  2.3
1.531 370.4  2.3
1.631 371.6  2.4
1.731 368.7  2.3
1.831 368.0  2.3
1.931 367.8  2.3
2.181 370.9  2.2
2.431 371.8  2.3
2.681 368.3  2.3
2.931 369.1  2.3
3.331 370.1  2.3
3.731 370.2  2.3
4.131 373.4  2.4
4.531 373.4  2.4
4.931 373.3  2.4
5.331 374.0  2.4
5.731 372.7  2.3
6.131 372.7  2.4
6.531 371.6  2.4
6.931 369.4  2.4
7.931 368.0  2.3
8.931 365.6  2.3
9.931 365.8  2.3
12.431 364.4  2.3
14.931 366.3  2.3
17.431 364.3  2.3
19.931 362.2  2.3