Delay [ps] Temperature [K] Temperature error [K]
-1.545 294.3  2.3
-0.545 295.9  2.3
-0.445 291.7  2.3
-0.395 295.1  2.3
-0.345 292.1  2.3
-0.295 295.2  2.3
-0.245 296.1  2.3
-0.195 294.7  2.3
-0.145 298.4  2.3
-0.095 302.5  2.3
-0.045 309.0  2.3
0.005 316.4  2.2
0.055 327.0  2.3
0.105 340.0  2.3
0.155 354.0  2.4
0.205 367.5  2.3
0.255 380.7  2.4
0.305 392.9  2.4
0.355 407.7  2.4
0.405 415.6  2.4
0.455 421.6  2.4
0.505 430.7  2.5
0.555 437.1  2.4
0.655 445.7  2.5
0.755 451.9  2.6
0.855 456.5  2.5
0.955 458.8  2.5
1.055 461.0  2.5
1.155 462.2  2.6
1.255 463.9  2.5
1.355 464.7  2.6
1.455 467.0  2.6
1.555 467.4  2.6
1.655 467.6  2.6
1.755 468.8  2.6
1.855 469.2  2.7
1.955 468.1  2.6
2.205 471.6  2.7
2.455 473.2  2.7
2.705 472.8  2.7
2.955 473.9  2.8
3.355 474.7  2.9
3.755 477.4  2.9
4.155 481.9  3.0
4.555 477.3  3.0
4.955 481.0  3.1
5.355 481.1  3.1
5.755 479.6  3.1
6.155 477.8  3.0
6.555 478.2  3.0
6.955 474.9  2.9
7.955 469.8  2.8
8.955 462.3  2.6
9.955 456.9  2.5
12.455 460.2  2.7
14.955 463.6  2.9
17.455 459.3  2.7
19.955 453.2  2.6