Delay [ps] Temperature [K] Temperature error [K]
-1.509 294.1  4.8
-1.309 293.8  4.8
-1.109 293.1  4.8
-0.909 292.8  4.7
-0.709 295.2  4.7
-0.509 293.3  4.8
-0.409 291.6  4.8
-0.309 295.5  4.8
-0.259 293.0  4.8
-0.209 295.1  4.7
-0.159 295.4  4.8
-0.109 296.1  4.8
-0.059 297.7  4.8
-0.009 300.5  4.8
0.041 305.5  4.8
0.091 310.5  4.8
0.141 315.4  4.7
0.191 321.6  4.8
0.241 325.2  4.7
0.291 330.4  4.7
0.341 333.8  4.8
0.391 337.4  4.8
0.441 340.1  4.8
0.491 343.3  4.8
0.541 346.9  4.8
0.591 348.2  4.8
0.691 349.1  4.8
0.791 353.0  4.8
0.891 354.4  4.8
0.991 354.5  4.8
1.091 355.8  4.8
1.191 356.4  4.8
1.291 355.5  4.8
1.391 357.7  4.8
1.491 358.5  4.8
1.591 356.8  4.8
1.691 357.5  4.8
1.791 359.2  4.8
1.891 359.2  4.8
1.991 359.5  4.8
2.241 359.1  4.8
2.491 359.8  4.8
2.741 359.8  4.8
2.991 359.0  4.8
3.391 359.4  4.8
3.791 358.3  4.8
4.191 359.7  4.8
4.591 358.8  4.8
4.991 358.9  4.8
5.391 357.6  4.9
5.791 360.2  4.8
6.191 358.7  4.8
6.591 358.6  4.8
6.991 357.6  4.8
7.991 358.3  4.8
8.991 357.3  4.8
9.991 355.5  4.8