Delay [ps] Temperature [K] Temperature error [K]
-1.417 293.8  4.7
-1.217 294.5  4.7
-1.017 293.3  4.7
-0.817 293.4  4.7
-0.617 294.2  4.7
-0.417 296.1  4.7
-0.317 294.6  4.7
-0.217 296.3  4.7
-0.167 296.6  4.7
-0.117 297.0  4.7
-0.067 298.8  4.7
-0.017 303.5  4.7
0.033 308.9  4.7
0.083 314.4  4.7
0.133 321.4  4.7
0.183 329.9  4.7
0.233 338.0  4.7
0.283 344.8  4.7
0.333 352.1  4.7
0.383 358.8  4.7
0.433 362.1  4.8
0.483 367.1  4.7
0.533 373.5  4.8
0.583 376.7  4.7
0.633 378.2  4.8
0.683 380.6  4.7
0.783 385.0  4.8
0.883 387.2  4.8
0.983 390.0  4.8
1.083 391.0  4.8
1.183 392.6  4.7
1.283 395.2  4.8
1.383 398.0  4.7
1.483 398.8  4.7
1.583 399.1  4.8
1.683 399.0  4.7
1.783 398.8  4.8
1.883 401.6  4.7
1.983 399.8  4.7
2.083 401.3  4.8
2.333 400.2  4.8
2.583 403.1  4.7
2.833 404.0  4.8
3.083 404.1  4.8
3.483 404.3  4.8
3.883 403.0  4.8
4.283 403.7  4.8
4.683 402.8  4.8
5.083 402.5  4.8
5.483 402.3  4.8
5.883 403.7  4.8
6.283 403.2  4.8
6.683 401.1  4.8
7.083 400.7  4.9
8.083 399.9  4.8
9.083 397.3  4.8
10.083 397.2  4.7