Delay [ps] Temperature [K] Temperature error [K]
-1.423 293.2  4.6
-1.223 294.3  4.6
-1.023 295.4  4.6
-0.823 296.2  4.6
-0.623 294.6  4.5
-0.423 293.4  4.7
-0.323 296.5  4.5
-0.223 298.7  4.6
-0.173 297.0  4.6
-0.123 297.6  4.6
-0.073 301.6  4.6
-0.023 308.6  4.6
0.027 313.4  4.6
0.077 325.6  4.6
0.127 338.7  4.6
0.177 347.5  4.6
0.227 359.8  4.6
0.277 370.1  4.7
0.327 381.2  4.7
0.377 390.6  4.7
0.427 394.5  4.7
0.477 404.1  4.8
0.527 406.4  4.8
0.577 414.9  4.8
0.627 415.4  4.8
0.677 419.2  4.8
0.777 425.2  4.8
0.877 426.8  4.8
0.977 431.8  4.8
1.077 437.6  4.8
1.177 435.4  4.9
1.277 435.7  4.8
1.377 437.9  4.8
1.477 439.0  4.9
1.577 440.8  4.9
1.677 438.2  4.8
1.777 440.7  4.9
1.877 439.0  4.9
1.977 441.1  4.9
2.077 438.9  4.9
2.327 439.6  4.8
2.577 442.8  4.9
2.827 444.2  4.9
3.077 442.1  4.8
3.477 444.1  4.9
3.877 443.8  4.9
4.277 445.9  5.0
4.677 445.1  5.0
5.077 444.0  4.9
5.477 441.8  5.0
5.877 444.2  5.0
6.277 443.2  5.0
6.677 443.8  4.9
7.077 442.5  4.9
8.077 438.0  4.9
9.077 440.9  4.8
10.077 437.1  4.8