Delay [ps] Temperature [K] Temperature error [K]
-1.421 297.5  4.4
-1.221 289.6  4.4
-1.021 292.7  4.4
-0.821 293.5  4.4
-0.621 293.2  4.3
-0.421 291.1  4.4
-0.321 290.9  4.4
-0.221 294.4  4.3
-0.171 295.2  4.3
-0.121 298.7  4.4
-0.071 305.5  4.4
-0.021 312.2  4.4
0.029 321.8  4.4
0.079 335.5  4.4
0.129 353.1  4.4
0.179 367.4  4.3
0.229 381.5  4.3
0.279 399.0  4.4
0.329 408.3  4.4
0.379 421.1  4.4
0.429 430.6  4.4
0.479 441.4  4.5
0.529 448.0  4.4
0.579 457.0  4.5
0.629 461.4  4.5
0.679 464.2  4.5
0.779 472.3  4.5
0.879 478.8  4.5
0.979 480.4  4.5
1.079 486.3  4.5
1.179 487.3  4.6
1.279 491.7  4.6
1.379 492.3  4.5
1.479 492.8  4.5
1.579 492.8  4.6
1.679 495.2  4.6
1.779 497.4  4.7
1.879 498.8  4.6
1.979 500.6  4.7
2.079 498.9  4.7
2.329 494.0  4.6
2.579 497.0  4.7
2.829 497.2  4.7
3.079 497.7  4.8
3.479 498.1  4.7
3.879 502.8  4.8
4.279 501.9  4.8
4.679 499.4  4.9
5.079 496.3  4.8
5.479 497.7  5.0
5.879 495.2  4.9
6.279 494.0  5.0
6.679 492.6  4.8
7.079 493.1  4.9
8.079 489.5  4.8
9.079 487.3  4.8
10.079 487.3  4.8