Delay [ps] Temperature [K] Temperature error [K]
-1.607 293.6  2.2
-0.607 293.8  2.2
-0.507 293.4  2.2
-0.457 295.1  2.3
-0.407 295.2  2.3
-0.357 293.5  2.2
-0.307 293.2  2.3
-0.257 293.6  2.3
-0.207 294.8  2.3
-0.157 294.6  2.3
-0.107 295.3  2.3
-0.057 297.7  2.2
-0.007 302.3  2.2
0.043 305.4  2.2
0.093 310.7  2.2
0.143 313.1  2.2
0.193 319.3  2.2
0.243 323.4  2.2
0.293 326.9  2.2
0.343 329.0  2.2
0.393 332.7  2.2
0.443 333.9  2.2
0.493 334.6  2.2
0.593 336.1  2.2
0.693 338.5  2.3
0.793 339.6  2.2
0.893 340.1  2.2
0.993 338.7  2.2
1.093 340.3  2.2
1.193 340.6  2.2
1.293 340.6  2.2
1.393 340.2  2.2
1.493 340.1  2.2
1.593 341.5  2.3
1.693 341.0  2.2
1.793 339.9  2.2
1.893 339.0  2.3
2.143 340.5  2.2
2.393 340.6  2.2
2.643 342.2  2.3
2.893 340.7  2.3
3.293 342.5  2.3
3.693 343.7  2.3
4.093 343.2  2.3
4.493 342.2  2.3
4.893 342.8  2.3
5.293 343.1  2.3
5.693 342.5  2.3
6.093 342.4  2.3
6.493 342.1  2.3
6.893 342.0  2.3
7.893 338.3  2.3
8.893 337.9  2.2
9.893 338.1  2.3
12.393 338.4  2.2
14.893 338.2  2.3
17.393 336.0  2.3
19.893 335.8  2.2