Delay [ps] Temperature [K] Temperature error [K]
-1.541 295.8  2.2
-0.541 295.6  2.3
-0.441 296.3  2.3
-0.391 295.5  2.3
-0.341 293.4  2.4
-0.291 295.2  2.3
-0.241 296.0  2.3
-0.191 296.5  2.3
-0.141 296.8  2.2
-0.091 300.7  2.3
-0.041 304.7  2.3
0.009 309.1  2.3
0.059 316.6  2.3
0.109 324.6  2.3
0.159 330.3  2.3
0.209 340.3  2.3
0.259 347.6  2.3
0.309 360.1  2.3
0.359 366.1  2.3
0.409 370.2  2.3
0.459 375.8  2.3
0.509 379.3  2.3
0.559 382.1  2.3
0.659 387.4  2.4
0.759 390.5  2.3
0.859 391.4  2.3
0.959 395.4  2.4
1.059 395.0  2.4
1.159 396.0  2.4
1.259 397.5  2.4
1.359 397.6  2.4
1.459 400.3  2.4
1.559 399.0  2.4
1.659 400.3  2.4
1.759 400.9  2.4
1.859 400.7  2.4
1.959 400.8  2.4
2.209 401.0  2.4
2.459 402.8  2.5
2.709 402.2  2.5
2.959 402.1  2.5
3.359 403.5  2.6
3.759 404.9  2.6
4.159 406.1  2.7
4.559 406.0  2.7
4.959 403.5  2.6
5.359 404.8  2.7
5.759 406.9  2.6
6.159 403.9  2.6
6.559 401.0  2.5
6.959 399.8  2.5
7.959 398.5  2.5
8.959 395.6  2.4
9.959 392.4  2.3
12.459 394.1  2.4
14.959 396.2  2.5
17.459 390.7  2.5
19.959 388.4  2.5