9.83937342e-01
1.01529288e+00
1.00457350e+00
9.78166256e-01
9.91538750e-01
1.02528368e+00
1.00400237e+00
1.03766435e+00
9.15651291e-01
1.00507654e+00
1.06256362e+00
1.00996524e+00
9.83656793e-01
1.02145164e+00
9.91410860e-01
1.00252216e+00
9.57148218e-01
1.06026032e+00
1.05917207e+00
1.01499637e+00
9.58802654e-01
9.90520213e-01
9.66941512e-01
9.81219929e-01
9.39410523e-01
9.38239263e-01
9.18580060e-01
9.02140905e-01
9.06327296e-01
9.03306889e-01
8.92712390e-01
8.14604616e-01
7.93813644e-01
7.85582106e-01
7.76323098e-01
7.86008230e-01
7.42816925e-01
7.24676344e-01
7.03385900e-01
7.24834522e-01
6.49281126e-01
6.70202507e-01
6.79432267e-01
6.21406250e-01
6.89825906e-01
6.06373392e-01
6.49357991e-01
6.70667424e-01
5.68240868e-01
5.68920887e-01
5.07509339e-01
4.73445987e-01
4.32855175e-01
3.75426080e-01
3.19977104e-01
3.09015662e-01
3.42997142e-01
3.36724884e-01
2.79794385e-01
2.61562998e-01
2.68932039e-01
2.56229549e-01
2.22673354e-01
2.02295898e-01
1.93159121e-01
1.72013977e-01
1.90568421e-01
2.07538206e-01
2.25816836e-01
1.66210560e-01
1.86211973e-01
2.38302057e-01
1.75003996e-01
1.51940938e-01
1.71529838e-01
2.46238136e-01
2.66793357e-01
2.76919114e-01
3.42050986e-01
4.10607287e-01
5.08031284e-01
5.45027915e-01
6.13246836e-01
6.29115268e-01
6.92622594e-01
7.30158730e-01
