9.92084608e-01
1.00006568e+00
1.00092133e+00
1.03036757e+00
9.72409479e-01
1.01390880e+00
1.01028953e+00
1.00790429e+00
1.01538013e+00
1.01746388e+00
1.01529664e+00
1.05619422e+00
1.01717028e+00
9.92245836e-01
1.03002393e+00
1.02158693e+00
9.76408077e-01
1.00634071e+00
1.04139762e+00
9.93548865e-01
9.54145638e-01
9.67161397e-01
9.36872614e-01
1.00819184e+00
9.39136126e-01
9.18073162e-01
9.28550534e-01
9.39331468e-01
9.55127251e-01
9.05142359e-01
9.45938005e-01
8.65680137e-01
8.51196137e-01
8.21343186e-01
8.39638865e-01
8.23019086e-01
8.04124437e-01
8.29478721e-01
7.49393694e-01
7.96765576e-01
7.46173094e-01
7.42744536e-01
7.62222222e-01
7.24380075e-01
7.05340435e-01
7.02394189e-01
7.00834240e-01
6.60633484e-01
6.90854573e-01
7.04986953e-01
7.05701079e-01
6.31590414e-01
5.54630593e-01
5.62101675e-01
5.24010406e-01
4.88029870e-01
4.87887197e-01
4.55505389e-01
4.37898439e-01
4.59246726e-01
4.60883258e-01
4.24925983e-01
4.05004701e-01
3.65493513e-01
4.29755069e-01
3.71904931e-01
3.57801496e-01
4.04017695e-01
4.08407964e-01
3.51179472e-01
3.81871654e-01
3.83047740e-01
3.80735294e-01
4.99710690e-01
4.92336763e-01
5.09585122e-01
6.46190021e-01
6.81152960e-01
7.05692884e-01
7.58561151e-01
7.70629892e-01
7.69330174e-01
8.01785714e-01
8.04996431e-01
8.38765364e-01
8.29979734e-01
