-5.40100000e+00
-4.95000000e+00
-4.50000000e+00
-4.05000000e+00
-3.60000000e+00
-3.15000000e+00
-2.70000000e+00
-2.25000000e+00
-1.80000000e+00
-1.35000000e+00
-9.00000000e-01
-7.75000000e-01
-6.50000000e-01
-5.25000000e-01
-4.00000000e-01
-2.75000000e-01
-1.50000000e-01
-2.50000000e-02
1.00000000e-01
2.25000000e-01
3.50000000e-01
4.75000000e-01
6.00000000e-01
7.25000000e-01
8.50000000e-01
9.75000000e-01
1.10000000e+00
1.22500000e+00
1.35000000e+00
1.47500000e+00
1.60000000e+00
2.60000000e+00
3.60000000e+00
4.60000000e+00
5.60000000e+00
6.60000000e+00
7.60000000e+00
8.60000000e+00
9.60000000e+00
1.06000000e+01
1.16000000e+01
1.26000000e+01
1.36000000e+01
1.46000000e+01
1.56000000e+01
1.66000000e+01
1.76000000e+01
1.86000000e+01
1.96000000e+01
2.06000000e+01
2.16000000e+01
3.05005000e+01
3.94010000e+01
4.83010000e+01
5.72005000e+01
6.61000000e+01
7.50005000e+01
8.39005000e+01
9.28005000e+01
1.01701000e+02
1.10600500e+02
1.19501000e+02
1.28400500e+02
1.37301000e+02
1.46201000e+02
1.55100500e+02
1.64000500e+02
1.72900500e+02
1.81800500e+02
1.90700500e+02
1.99600500e+02
2.52934000e+02
3.06267500e+02
3.59601000e+02
4.12934500e+02
4.66267500e+02
5.19601500e+02
5.72934500e+02
6.26268000e+02
6.79601500e+02
7.32935000e+02
7.86267500e+02
8.39601500e+02
8.92935000e+02
9.46268000e+02
9.99601000e+02
