1.02543177e+00
1.00245546e+00
9.52145318e-01
1.00907278e+00
1.02172191e+00
9.85127384e-01
9.77601250e-01
1.00788491e+00
1.01353638e+00
9.75891934e-01
9.66181337e-01
1.03048992e+00
1.01279534e+00
1.00534795e+00
9.95719350e-01
9.61790247e-01
9.48787982e-01
9.95286513e-01
1.01206564e+00
9.94136070e-01
1.00411236e+00
1.01813907e+00
1.00745908e+00
9.90347222e-01
9.71456419e-01
9.83365678e-01
9.82122668e-01
9.28899392e-01
9.56994394e-01
9.37861368e-01
9.78272865e-01
9.72063037e-01
9.41973470e-01
9.29185311e-01
9.08882242e-01
8.58302685e-01
8.60817477e-01
8.65607438e-01
8.58908269e-01
8.46054980e-01
8.07225574e-01
8.54264124e-01
7.98840826e-01
7.83937861e-01
7.71344866e-01
7.71671715e-01
7.75608702e-01
8.15222870e-01
7.44718186e-01
7.89133711e-01
7.45398558e-01
7.46831993e-01
6.69015021e-01
6.93442394e-01
6.16736459e-01
6.69157910e-01
6.48753894e-01
6.34459081e-01
6.24011597e-01
6.56515929e-01
5.83472454e-01
6.14536408e-01
6.51707786e-01
6.03221289e-01
6.01713353e-01
6.33427362e-01
6.06586783e-01
6.50699480e-01
6.43439427e-01
6.53792187e-01
6.94051199e-01
6.37711716e-01
6.98624185e-01
7.67044255e-01
7.77769891e-01
7.90771848e-01
8.45137458e-01
8.67386108e-01
8.44724477e-01
8.35446625e-01
8.44771242e-01
9.25420899e-01
9.23129719e-01
8.69352014e-01
9.18499353e-01
9.20102542e-01
