# time of execution: 2022-08-03 17:58:17
#model:sd
### simulation parameters ###
# timestep dt=1e-16[s]
# initial temperature:100.0[K]
# initial magnetization [x,y,z]:[0.0, 0.0, 1.0]
### sample paramters ###
# Sample: Gadolinium
# S=3.5
# mu_at=7.5[mu_B]
# nx=1	ny=1	nz=1
# dx=3.6e-10	dy=3.6e-10	dz=5.8e-10	[m]
# atoms per unit cell:7.5
# asf=0.12
# sdrate=1.5e-10
# sdissrate=1e-13
# rhosd=1e-19
# lambda=1e+16[W/m^3/K]
# gep=<scipy.interpolate.interpolate.interp1d object at 0x000001E60F8D32C0>[W/m^3/K]
# factor cv_el=<scipy.interpolate.interpolate.interp1d object at 0x000001E60F8D3C20>[J/m^3/K^2]
# cv_ph computed with Einstein model, T_Ein=0.75*160[K]
# R/g_ep = 4.673959588570301e-06[1/s]
# Tc=293[K]
# T_Deb=160[K]
### pulse paramters ###
# peak power:0.0[W/m^3]
# sigma=4.95e-14[s]
# delay=1e-10[s]
#############################
# time [ps]	magnetization	T_e [K]	T_p [K]	E_tot [J/m^3]	E_el [J/m^3]	E_ph [J/m^3]	E_spin [J/m^3]	mu_s [J]
0.0	1.0	100.0	100.0	0	0	0	0	-1e-19
0.01	0.9999999999999089	100.0	100.0	0.0	0.0	0.0	0.0	-9.227665309733452e-20
0.02	0.9999999999993905	100.0	100.0	0.0	0.0	0.0	0.0	-8.481895702189315e-20
0.03	0.9999999999966291	100.0	100.0	0.0	0.0	0.0	0.0	-7.765560814528649e-20
0.04	0.9999999999830322	100.0	100.0	0.0	0.0	0.0	0.0	-7.0815219436313e-20
0.05	0.99999999992153	100.0	100.0	0.0	0.0	0.0	0.0	-6.432486454989913e-20
0.06	0.9999999996675007	100.0	100.0	0.0	0.0	0.0	0.0	-5.820840774633464e-20
0.07	0.9999999987139023	100.0	100.0	0.0	0.0	0.0	0.0	-5.2484830619429095e-20
0.08	0.9999999954711561	100.0	100.0	0.0	0.0	0.0	0.0	-4.716681744132423e-20
0.09	0.9999999854979795	100.0	100.0	0.0	0.0	0.0	0.0	-4.2259842133845334e-20
0.1	0.9999999577514402	100.0	100.0	0.0	0.0	0.0	0.0	-3.7761907136974707e-20
0.11	0.9999998877878464	100.0	100.0	0.0	0.0	0.0	0.0	-3.366394766936969e-20
0.12	0.9999997273422555	100.0	100.0	0.0	0.0	0.0	0.0	-2.9950783757874527e-20
0.13	0.9999993911172579	100.0	100.0	0.0	0.0	0.0	0.0	-2.6602419623721195e-20
0.14	0.9999987436153267	100.0	100.0	0.0	0.0	0.0	0.0	-2.3595471560739742e-20
0.15	0.9999975904566151	100.0	100.0	0.0	0.0	0.0	0.0	-2.0904539757226418e-20
0.16	0.9999956786746351	100.0	100.0	0.0	0.0	0.0	0.0	-1.8503400818006954e-20
0.17	0.9999927085096143	100.0	100.0	0.0	0.0	0.0	0.0	-1.6365961264404463e-20
0.18	0.9999883559044158	100.0	100.0	0.0	0.0	0.0	0.0	-1.446696269811299e-20
0.19	0.9999823016990775	100.0	100.0	0.0	0.0	0.0	0.0	-1.2782461490965997e-20
0.2	0.9999742617453128	100.0	100.0	0.0	0.0	0.0	0.0	-1.1290121529970083e-20
0.21	0.9999640123316457	100.0	100.0	0.0	0.0	0.0	0.0	-9.969362352055613e-21
0.22	0.9999514070286207	100.0	100.0	0.0	0.0	0.0	0.0	-8.801401804628916e-21
0.22999999999999998	0.9999363834441158	100.0	100.0	0.0	0.0	0.0	0.0	-7.769225963424912e-21
0.24	0.9999189605583275	100.0	100.0	0.0	0.0	0.0	0.0	-6.857511884582742e-21
0.25	0.9998992287679229	100.0	100.0	0.0	0.0	0.0	0.0	-6.052522188586874e-21
0.26	0.9998773353854327	100.0	100.0	0.0	0.0	0.0	0.0	-5.341985017943086e-21
0.27	0.9998534682642982	100.0	100.0	0.0	0.0	0.0	0.0	-4.714968672381571e-21
0.28	0.999827839716434	100.0	100.0	0.0	0.0	0.0	0.0	-4.161757078056165e-21
0.29	0.9998006722129603	100.0	100.0	0.0	0.0	0.0	0.0	-3.673729985459631e-21
0.3	0.9997721866956396	100.0	100.0	0.0	0.0	0.0	0.0	-3.243250206387215e-21
0.31	0.9997425937812913	100.0	100.0	0.0	0.0	0.0	0.0	-2.863559114270568e-21
0.32	0.9997120877524186	100.0	100.0	0.0	0.0	0.0	0.0	-2.5286809034499734e-21
0.33	0.9996808429897615	100.0	100.0	0.0	0.0	0.0	0.0	-2.2333356257622432e-21
0.34	0.9996490123892885	100.0	100.0	0.0	0.0	0.0	0.0	-1.9728607205286105e-21
0.35	0.9996167272829899	100.0	100.0	0.0	0.0	0.0	0.0	-1.7431405721059296e-21
0.36	0.9995840984171139	100.0	100.0	0.0	0.0	0.0	0.0	-1.5405435292807764e-21
0.37	0.9995512176066426	100.0	100.0	0.0	0.0	0.0	0.0	-1.3618657761504404e-21
0.38	0.9995181597614887	100.0	100.0	0.0	0.0	0.0	0.0	-1.2042814360792818e-21
0.39	0.9994849850555664	100.0	100.0	0.0	0.0	0.0	0.0	-1.065298305853949e-21
0.4	0.99945174107722	100.0	100.0	0.0	0.0	0.0	0.0	-9.427186472677935e-22
0.41	0.9994184648553543	100.0	100.0	0.0	0.0	0.0	0.0	-8.3460450180937e-22
0.42	0.9993851846992342	100.0	100.0	0.0	0.0	0.0	0.0	-7.392470366411473e-22
0.43	0.999351921822257	100.0	100.0	0.0	0.0	0.0	0.0	-6.551394737507253e-22
0.44	0.9993186917426635	100.0	100.0	0.0	0.0	0.0	0.0	-5.809531971411531e-22
0.45	0.9992855054690403	100.0	100.0	0.0	0.0	0.0	0.0	-5.155166740002211e-22
0.45999999999999996	0.9992523704874334	100.0	100.0	0.0	0.0	0.0	0.0	-4.577968642439124e-22
0.47000000000000003	0.9992192915715391	100.0	100.0	0.0	0.0	0.0	0.0	-4.06882828299942e-22
0.48	0.9991862714390743	100.0	100.0	0.0	0.0	0.0	0.0	-3.619712753519897e-22
0.49000000000000005	0.9991533112771156	100.0	100.0	0.0	0.0	0.0	0.0	-3.223538235276834e-22
0.5	0.9991204111577002	100.0	100.0	0.0	0.0	0.0	0.0	-2.8740576980548686e-22
0.5099999999999999	0.9990875703628262	100.0	100.0	0.0	0.0	0.0	0.0	-2.5657619092051517e-22
0.52	0.999054787635601	100.0	100.0	0.0	0.0	0.0	0.0	-2.293792174799454e-22
0.5299999999999999	0.9990220613718648	100.0	100.0	0.0	0.0	0.0	0.0	-2.0538634208058027e-22
0.54	0.9989893897643418	100.0	100.0	0.0	0.0	0.0	0.0	-1.8421963868101841e-22
0.5499999999999999	0.9989567709092991	100.0	100.0	0.0	0.0	0.0	0.0	-1.6554578503376046e-22
0.56	0.9989242028839028	100.0	100.0	0.0	0.0	0.0	0.0	-1.4907079283486672e-22
0.57	0.9988916838008715	100.0	100.0	0.0	0.0	0.0	0.0	-1.3453536158627006e-22
0.58	0.9988592118457548	100.0	100.0	0.0	0.0	0.0	0.0	-1.2171078216095586e-22
0.59	0.9988267853010366	100.0	100.0	0.0	0.0	0.0	0.0	-1.1039532486966734e-22
0.6	0.9987944025604003	100.0	100.0	0.0	0.0	0.0	0.0	-1.0041105458611105e-22
0.61	0.998762062135748	100.0	100.0	0.0	0.0	0.0	0.0	-9.160102232117192e-23
0.62	0.99872976265898	100.0	100.0	0.0	0.0	0.0	0.0	-8.382678865436857e-23
0.6299999999999999	0.998697502880089	100.0	100.0	0.0	0.0	0.0	0.0	-7.696623973104137e-23
0.64	0.9986652816627455	100.0	100.0	0.0	0.0	0.0	0.0	-7.091166119928719e-23
0.6499999999999999	0.9986330979782476	100.0	100.0	0.0	0.0	0.0	0.0	-6.55680395728144e-23
0.66	0.998600950898509	100.0	100.0	0.0	0.0	0.0	0.0	-6.085156412433064e-23
0.6699999999999999	0.9985688395885628	100.0	100.0	0.0	0.0	0.0	0.0	-5.668830560330839e-23
0.68	0.998536763298921	100.0	100.0	0.0	0.0	0.0	0.0	-5.301305088148733e-23
0.69	0.9985047213580527	100.0	100.0	0.0	0.0	0.0	0.0	-4.9768275105598964e-23
0.7	0.9984727131651223	100.0	100.0	0.0	0.0	0.0	0.0	-4.6903235113088213e-23
0.71	0.9984407381831188	100.0	100.0	0.0	0.0	0.0	0.0	-4.4373169795015746e-23
0.72	0.9984087959324268	100.0	100.0	0.0	0.0	0.0	0.0	-4.213859477763668e-23
0.73	0.998376885984876	100.0	100.0	0.0	0.0	0.0	0.0	-4.016468029137051e-23
0.74	0.9983450079582767	100.0	100.0	0.0	0.0	0.0	0.0	-3.842070240841971e-23
0.7499999999999999	0.9983131615114369	100.0	100.0	0.0	0.0	0.0	0.0	-3.6879558993516907e-23
0.76	0.9982813463396436	100.0	100.0	0.0	0.0	0.0	0.0	-3.551734273148694e-23
0.7699999999999999	0.9982495621705836	100.0	100.0	0.0	0.0	0.0	0.0	-3.431296449910771e-23
0.78	0.9982178087606741	100.0	100.0	0.0	0.0	0.0	0.0	-3.3247821143232725e-23
0.7899999999999999	0.9981860858917765	100.0	100.0	0.0	0.0	0.0	0.0	-3.2305502426997837e-23
0.8	0.9981543933682557	100.0	100.0	0.0	0.0	0.0	0.0	-3.147153252676734e-23
0.8099999999999999	0.9981227310143654	100.0	100.0	0.0	0.0	0.0	0.0	-3.073314200323243e-23
0.82	0.9980910986719105	100.0	100.0	0.0	0.0	0.0	0.0	-3.007906665406693e-23
0.83	0.9980594961981836	100.0	100.0	0.0	0.0	0.0	0.0	-2.9499370080970906e-23
0.84	0.9980279234641264	100.0	100.0	0.0	0.0	0.0	0.0	-2.8985287169823047e-23
0.85	0.9979963803527065	100.0	100.0	0.0	0.0	0.0	0.0	-2.8529086024578786e-23
0.86	0.9979648667574793	100.0	100.0	0.0	0.0	0.0	0.0	-2.812394617498771e-23
0.87	0.997933382581319	100.0	100.0	0.0	0.0	0.0	0.0	-2.7763851140168396e-23
0.88	0.9979019277352992	100.0	100.0	0.0	0.0	0.0	0.0	-2.744349365744434e-23
0.8899999999999999	0.9978705021377037	100.0	100.0	0.0	0.0	0.0	0.0	-2.7158192083377745e-23
0.9	0.9978391057131555	100.0	100.0	0.0	0.0	0.0	0.0	-2.690381664648266e-23
0.9099999999999999	0.9978077383918513	100.0	100.0	0.0	0.0	0.0	0.0	-2.667672439501545e-23
0.9199999999999999	0.9977764001088846	100.0	100.0	0.0	0.0	0.0	0.0	-2.6473701812110286e-23
0.93	0.9977450908036534	100.0	100.0	0.0	0.0	0.0	0.0	-2.6291914194974382e-23
0.9400000000000001	0.9977138104193387	100.0	100.0	0.0	0.0	0.0	0.0	-2.6128861001366888e-23
0.95	0.9976825589024437	100.0	100.0	0.0	0.0	0.0	0.0	-2.5982336458893753e-23
0.96	0.9976513362023913	100.0	100.0	0.0	0.0	0.0	0.0	-2.58503948181626e-23
0.9699999999999999	0.9976201422711704	100.0	100.0	0.0	0.0	0.0	0.0	-2.573131970145609e-23
0.9800000000000001	0.9975889770630243	100.0	100.0	0.0	0.0	0.0	0.0	-2.562359706438807e-23
0.99	0.9975578405341773	100.0	100.0	0.0	0.0	0.0	0.0	-2.5525891345019818e-23
1.0	0.9975267326425962	100.0	100.0	0.0	0.0	0.0	0.0	-2.5437024423351808e-23
1.01	0.9974956533477787	100.0	100.0	0.0	0.0	0.0	0.0	-2.5355957062574206e-23
1.0199999999999998	0.9974646026105707	100.0	100.0	0.0	0.0	0.0	0.0	-2.5281772536811908e-23
1.03	0.9974335803930006	100.0	100.0	0.0	0.0	0.0	0.0	-2.5213662189416332e-23
1.04	0.9974025866581415	100.0	100.0	0.0	0.0	0.0	0.0	-2.515091269284187e-23
1.05	0.9973716213699851	100.0	100.0	0.0	0.0	0.0	0.0	-2.5092894811000006e-23
1.0599999999999998	0.9973406844933316	100.0	100.0	0.0	0.0	0.0	0.0	-2.5039053486850757e-23
1.0699999999999998	0.9973097759936944	100.0	100.0	0.0	0.0	0.0	0.0	-2.4988899096712513e-23
1.08	0.9972788958372188	100.0	100.0	0.0	0.0	0.0	0.0	-2.4941999736747608e-23
1.09	0.9972480439906036	100.0	100.0	0.0	0.0	0.0	0.0	-2.489797441904361e-23
1.0999999999999999	0.9972172204210412	100.0	100.0	0.0	0.0	0.0	0.0	-2.4856487068664983e-23
1.1099999999999999	0.9971864250961585	100.0	100.0	0.0	0.0	0.0	0.0	-2.4817241229052263e-23
1.12	0.9971556579839677	100.0	100.0	0.0	0.0	0.0	0.0	-2.4779975391625088e-23
1.1300000000000001	0.9971249190528236	100.0	100.0	0.0	0.0	0.0	0.0	-2.474445887555129e-23
1.14	0.9970942082713851	100.0	100.0	0.0	0.0	0.0	0.0	-2.471048819289928e-23
1.15	0.9970635256085825	100.0	100.0	0.0	0.0	0.0	0.0	-2.467788384430658e-23
1.16	0.9970328710335871	100.0	100.0	0.0	0.0	0.0	0.0	-2.464648748898169e-23
1.1700000000000002	0.9970022445157866	100.0	100.0	0.0	0.0	0.0	0.0	-2.461615945209659e-23
1.18	0.9969716460247637	100.0	100.0	0.0	0.0	0.0	0.0	-2.4586776522457346e-23
1.19	0.996941075530273	100.0	100.0	0.0	0.0	0.0	0.0	-2.4558230012934356e-23
1.2	0.9969105330022271	100.0	100.0	0.0	0.0	0.0	0.0	-2.4530424046988382e-23
1.21	0.9968800184106825	100.0	100.0	0.0	0.0	0.0	0.0	-2.4503274049460716e-23
1.22	0.9968495317258208	100.0	100.0	0.0	0.0	0.0	0.0	-2.447670541311823e-23
1.23	0.9968190729179427	100.0	100.0	0.0	0.0	0.0	0.0	-2.445065232437858e-23
1.24	0.9967886419574558	100.0	100.0	0.0	0.0	0.0	0.0	-2.4425056725384353e-23
1.25	0.9967582388148657	100.0	100.0	0.0	0.0	0.0	0.0	-2.439986740112106e-23
1.2599999999999998	0.996727863460768	100.0	100.0	0.0	0.0	0.0	0.0	-2.4375039171187613e-23
1.27	0.996697515865843	100.0	100.0	0.0	0.0	0.0	0.0	-2.4350532179377742e-23
1.28	0.9966671960008472	100.0	100.0	0.0	0.0	0.0	0.0	-2.4326311265315727e-23
1.29	0.9966369038366097	100.0	100.0	0.0	0.0	0.0	0.0	-2.4302345410881345e-23
1.2999999999999998	0.9966066393440284	100.0	100.0	0.0	0.0	0.0	0.0	-2.427860725223543e-23
1.31	0.9965764024940637	100.0	100.0	0.0	0.0	0.0	0.0	-2.4255072648496113e-23
1.32	0.9965461932577371	100.0	100.0	0.0	0.0	0.0	0.0	-2.4231720302104217e-23
1.33	0.9965160116061266	100.0	100.0	0.0	0.0	0.0	0.0	-2.4208531423255918e-23
1.3399999999999999	0.9964858575103647	100.0	100.0	0.0	0.0	0.0	0.0	-2.4185489434360594e-23
1.3499999999999999	0.9964557309416368	100.0	100.0	0.0	0.0	0.0	0.0	-2.4162579709264984e-23
1.36	0.9964256318711766	100.0	100.0	0.0	0.0	0.0	0.0	-2.4139789342893703e-23
1.37	0.9963955602702667	100.0	100.0	0.0	0.0	0.0	0.0	-2.4117106949160832e-23
1.38	0.9963655161102372	100.0	100.0	0.0	0.0	0.0	0.0	-2.40945224805507e-23
1.39	0.9963354993624622	100.0	100.0	0.0	0.0	0.0	0.0	-2.407202707136021e-23
1.4	0.9963055099983606	100.0	100.0	0.0	0.0	0.0	0.0	-2.4049612897749666e-23
1.4100000000000001	0.9962755479893924	100.0	100.0	0.0	0.0	0.0	0.0	-2.4027273055547857e-23
1.42	0.9962456133070612	100.0	100.0	0.0	0.0	0.0	0.0	-2.4005001450822738e-23
1.43	0.9962157059229098	100.0	100.0	0.0	0.0	0.0	0.0	-2.3982792705594843e-23
1.44	0.9961858258085227	100.0	100.0	0.0	0.0	0.0	0.0	-2.3960642072146907e-23
1.45	0.9961559729355239	100.0	100.0	0.0	0.0	0.0	0.0	-2.3938545359341468e-23
1.46	0.9961261472755748	100.0	100.0	0.0	0.0	0.0	0.0	-2.391649886785514e-23
1.47	0.9960963488003775	100.0	100.0	0.0	0.0	0.0	0.0	-2.3894499330090168e-23
1.48	0.9960665774816699	100.0	100.0	0.0	0.0	0.0	0.0	-2.387254386090306e-23
1.49	0.996036833291229	100.0	100.0	0.0	0.0	0.0	0.0	-2.3850629912454936e-23
1.4999999999999998	0.9960071162008673	100.0	100.0	0.0	0.0	0.0	0.0	-2.3828755233889063e-23
1.51	0.9959774261824353	100.0	100.0	0.0	0.0	0.0	0.0	-2.3806917836245525e-23
1.52	0.9959477632078219	100.0	100.0	0.0	0.0	0.0	0.0	-2.378511596222671e-23
1.53	0.9959181272489483	100.0	100.0	0.0	0.0	0.0	0.0	-2.3763348058051782e-23
1.5399999999999998	0.9958885182777748	100.0	100.0	0.0	0.0	0.0	0.0	-2.374161275014026e-23
1.55	0.9958589362662961	100.0	100.0	0.0	0.0	0.0	0.0	-2.3719908823884872e-23
1.56	0.9958293811865435	100.0	100.0	0.0	0.0	0.0	0.0	-2.369823520420768e-23
1.57	0.9957998530105838	100.0	100.0	0.0	0.0	0.0	0.0	-2.3676590939854335e-23
1.5799999999999998	0.9957703517105194	100.0	100.0	0.0	0.0	0.0	0.0	-2.3654975188323748e-23
1.5899999999999999	0.9957408772584866	100.0	100.0	0.0	0.0	0.0	0.0	-2.3633387203376997e-23
1.6	0.9957114296266573	100.0	100.0	0.0	0.0	0.0	0.0	-2.361182632361369e-23
1.61	0.9956820087872386	100.0	100.0	0.0	0.0	0.0	0.0	-2.3590291962036363e-23
1.6199999999999999	0.9956526147124726	100.0	100.0	0.0	0.0	0.0	0.0	-2.3568783597967438e-23
1.63	0.9956232473746359	100.0	100.0	0.0	0.0	0.0	0.0	-2.354730076895381e-23
1.64	0.9955939067460396	100.0	100.0	0.0	0.0	0.0	0.0	-2.3525843063443967e-23
1.6500000000000001	0.9955645927990298	100.0	100.0	0.0	0.0	0.0	0.0	-2.3504410115613178e-23
1.66	0.9955353055059869	100.0	100.0	0.0	0.0	0.0	0.0	-2.3483001599665128e-23
1.67	0.9955060448393254	100.0	100.0	0.0	0.0	0.0	0.0	-2.3461617224508308e-23
1.68	0.9954768107714942	100.0	100.0	0.0	0.0	0.0	0.0	-2.3440256730626085e-23
1.69	0.9954476032749761	100.0	100.0	0.0	0.0	0.0	0.0	-2.3418919885548186e-23
1.7	0.9954184223222892	100.0	100.0	0.0	0.0	0.0	0.0	-2.339760648142504e-23
1.71	0.9953892678859836	100.0	100.0	0.0	0.0	0.0	0.0	-2.337631633143076e-23
1.72	0.9953601399386466	100.0	100.0	0.0	0.0	0.0	0.0	-2.3355049267666705e-23
1.73	0.9953310384528963	100.0	100.0	0.0	0.0	0.0	0.0	-2.333380513899652e-23
1.74	0.9953019634013861	100.0	100.0	0.0	0.0	0.0	0.0	-2.33125838087219e-23
1.75	0.9952729147568032	100.0	100.0	0.0	0.0	0.0	0.0	-2.3291385153269972e-23
1.76	0.9952438924918682	100.0	100.0	0.0	0.0	0.0	0.0	-2.32702090604712e-23
1.77	0.9952148965793356	100.0	100.0	0.0	0.0	0.0	0.0	-2.3249055428166985e-23
1.7799999999999998	0.9951859269919933	100.0	100.0	0.0	0.0	0.0	0.0	-2.3227924162953493e-23
1.79	0.9951569837026633	100.0	100.0	0.0	0.0	0.0	0.0	-2.3206815179368734e-23
1.8	0.9951280666842011	100.0	100.0	0.0	0.0	0.0	0.0	-2.318572839907967e-23
1.81	0.9950991759094947	100.0	100.0	0.0	0.0	0.0	0.0	-2.3164663749944072e-23
1.8199999999999998	0.9950703113514672	100.0	100.0	0.0	0.0	0.0	0.0	-2.3143621164754056e-23
1.83	0.9950414729830729	100.0	100.0	0.0	0.0	0.0	0.0	-2.3122600581116412e-23
1.8399999999999999	0.9950126607773019	100.0	100.0	0.0	0.0	0.0	0.0	-2.3101601941344225e-23
1.85	0.9949838747071758	100.0	100.0	0.0	0.0	0.0	0.0	-2.308062519115478e-23
1.86	0.9949551147457497	100.0	100.0	0.0	0.0	0.0	0.0	-2.3059670279367831e-23
1.8699999999999999	0.9949263808661118	100.0	100.0	0.0	0.0	0.0	0.0	-2.3038737157944855e-23
1.8800000000000001	0.9948976730413845	100.0	100.0	0.0	0.0	0.0	0.0	-2.301782578141453e-23
1.89	0.994868991244722	100.0	100.0	0.0	0.0	0.0	0.0	-2.2996936106536634e-23
1.9	0.9948403354493112	100.0	100.0	0.0	0.0	0.0	0.0	-2.2976068092068586e-23
1.9100000000000001	0.9948117056283733	100.0	100.0	0.0	0.0	0.0	0.0	-2.2955221698474817e-23
1.92	0.9947831017551622	100.0	100.0	0.0	0.0	0.0	0.0	-2.293439688788634e-23
1.9300000000000002	0.994754523802964	100.0	100.0	0.0	0.0	0.0	0.0	-2.2913593623855755e-23
1.9399999999999997	0.9947259717450976	100.0	100.0	0.0	0.0	0.0	0.0	-2.2892811870782387e-23
1.95	0.9946974455549145	100.0	100.0	0.0	0.0	0.0	0.0	-2.2872051594667612e-23
1.9600000000000002	0.9946689452057997	100.0	100.0	0.0	0.0	0.0	0.0	-2.2851312762255856e-23
1.97	0.994640470671171	100.0	100.0	0.0	0.0	0.0	0.0	-2.2830595341175906e-23
1.98	0.994612021924477	100.0	100.0	0.0	0.0	0.0	0.0	-2.280989929967308e-23
1.9899999999999998	0.9945835989392007	100.0	100.0	0.0	0.0	0.0	0.0	-2.2789224606739132e-23
2.0	0.9945552016888577	100.0	100.0	0.0	0.0	0.0	0.0	-2.2768571232287788e-23
2.0100000000000002	0.9945268301469931	100.0	100.0	0.0	0.0	0.0	0.0	-2.274793914636373e-23
2.02	0.9944984842871886	100.0	100.0	0.0	0.0	0.0	0.0	-2.2727328319568203e-23
2.0300000000000002	0.9944701640830559	100.0	100.0	0.0	0.0	0.0	0.0	-2.270673872295018e-23
2.0399999999999996	0.994441869508239	100.0	100.0	0.0	0.0	0.0	0.0	-2.2686170328068035e-23
2.05	0.9944136005364155	100.0	100.0	0.0	0.0	0.0	0.0	-2.266562310657381e-23
2.06	0.994385357141293	100.0	100.0	0.0	0.0	0.0	0.0	-2.2645097030695508e-23
2.07	0.994357139296613	100.0	100.0	0.0	0.0	0.0	0.0	-2.2624592072628054e-23
2.08	0.9943289469761494	100.0	100.0	0.0	0.0	0.0	0.0	-2.2604108205163315e-23
2.09	0.9943007801537069	100.0	100.0	0.0	0.0	0.0	0.0	-2.25836454010697e-23
2.1	0.9942726388031229	100.0	100.0	0.0	0.0	0.0	0.0	-2.2563203633324314e-23
2.11	0.9942445228982661	100.0	100.0	0.0	0.0	0.0	0.0	-2.2542782875083648e-23
2.1199999999999997	0.9942164324130377	100.0	100.0	0.0	0.0	0.0	0.0	-2.252238309971107e-23
2.13	0.9941883673213712	100.0	100.0	0.0	0.0	0.0	0.0	-2.2502004280758912e-23
2.1399999999999997	0.994160327597231	100.0	100.0	0.0	0.0	0.0	0.0	-2.2481646391984553e-23
2.15	0.994132313214614	100.0	100.0	0.0	0.0	0.0	0.0	-2.2461309407014116e-23
2.16	0.9941043241475489	100.0	100.0	0.0	0.0	0.0	0.0	-2.244099329971104e-23
2.17	0.9940763603700951	100.0	100.0	0.0	0.0	0.0	0.0	-2.2420698044180808e-23
2.18	0.9940484218563442	100.0	100.0	0.0	0.0	0.0	0.0	-2.2400423614366347e-23
2.19	0.9940205085804203	100.0	100.0	0.0	0.0	0.0	0.0	-2.2380169984496222e-23
2.1999999999999997	0.993992620516478	100.0	100.0	0.0	0.0	0.0	0.0	-2.235993712888461e-23
2.21	0.9939647576387026	100.0	100.0	0.0	0.0	0.0	0.0	-2.233972502187922e-23
2.2199999999999998	0.9939369199213133	100.0	100.0	0.0	0.0	0.0	0.0	-2.2319533637661315e-23
2.23	0.9939091073385579	100.0	100.0	0.0	0.0	0.0	0.0	-2.2299362950909816e-23
2.24	0.9938813198647176	100.0	100.0	0.0	0.0	0.0	0.0	-2.227921293611242e-23
2.25	0.9938535574741046	100.0	100.0	0.0	0.0	0.0	0.0	-2.2259083568002327e-23
2.2600000000000002	0.9938258201410612	100.0	100.0	0.0	0.0	0.0	0.0	-2.2238974820892152e-23
2.27	0.9937981078399623	100.0	100.0	0.0	0.0	0.0	0.0	-2.221888666979268e-23
2.28	0.9937704205452134	100.0	100.0	0.0	0.0	0.0	0.0	-2.2198819089644424e-23
2.29	0.9937427582312511	100.0	100.0	0.0	0.0	0.0	0.0	-2.217877205496984e-23
2.3	0.9937151208725431	100.0	100.0	0.0	0.0	0.0	0.0	-2.215874554074197e-23
2.31	0.9936875084435878	100.0	100.0	0.0	0.0	0.0	0.0	-2.2138739522013927e-23
2.32	0.9936599209189146	100.0	100.0	0.0	0.0	0.0	0.0	-2.211875397358236e-23
2.33	0.9936323582730843	100.0	100.0	0.0	0.0	0.0	0.0	-2.209878887034456e-23
2.3400000000000003	0.9936048204806894	100.0	100.0	0.0	0.0	0.0	0.0	-2.2078844187484888e-23
2.35	0.9935773075163513	100.0	100.0	0.0	0.0	0.0	0.0	-2.2058919900252025e-23
2.36	0.9935498193547234	100.0	100.0	0.0	0.0	0.0	0.0	-2.2039015983645204e-23
2.3699999999999997	0.9935223559704899	100.0	100.0	0.0	0.0	0.0	0.0	-2.2019132412771196e-23
2.38	0.9934949173383646	100.0	100.0	0.0	0.0	0.0	0.0	-2.199926916298529e-23
2.39	0.9934675034330941	100.0	100.0	0.0	0.0	0.0	0.0	-2.1979426209497988e-23
2.4	0.9934401142294536	100.0	100.0	0.0	0.0	0.0	0.0	-2.1959603527879695e-23
2.41	0.9934127497022494	100.0	100.0	0.0	0.0	0.0	0.0	-2.1939801093235376e-23
2.42	0.9933854098263192	100.0	100.0	0.0	0.0	0.0	0.0	-2.1920018880982112e-23
2.43	0.99335809457653	100.0	100.0	0.0	0.0	0.0	0.0	-2.1900256866501258e-23
2.44	0.9933308039277804	100.0	100.0	0.0	0.0	0.0	0.0	-2.1880515025427107e-23
2.4499999999999997	0.9933035378549984	100.0	100.0	0.0	0.0	0.0	0.0	-2.1860793333173937e-23
2.46	0.9932762963331432	100.0	100.0	0.0	0.0	0.0	0.0	-2.184109176549752e-23
2.4699999999999998	0.9932490793372026	100.0	100.0	0.0	0.0	0.0	0.0	-2.1821410297635637e-23
2.48	0.993221886842197	100.0	100.0	0.0	0.0	0.0	0.0	-2.1801748905347105e-23
2.49	0.9931947188231754	100.0	100.0	0.0	0.0	0.0	0.0	-2.1782107564347773e-23
2.5	0.9931675752552176	100.0	100.0	0.0	0.0	0.0	0.0	-2.1762486250326337e-23
2.51	0.9931404561134327	100.0	100.0	0.0	0.0	0.0	0.0	-2.1742884938857925e-23
2.5199999999999996	0.9931133613729619	100.0	100.0	0.0	0.0	0.0	0.0	-2.172330360577227e-23
2.53	0.9930862910089746	100.0	100.0	0.0	0.0	0.0	0.0	-2.1703742226987604e-23
2.54	0.9930592449966706	100.0	100.0	0.0	0.0	0.0	0.0	-2.1684200778515127e-23
2.55	0.9930322233112794	100.0	100.0	0.0	0.0	0.0	0.0	-2.1664679235792652e-23
2.56	0.9930052259280603	100.0	100.0	0.0	0.0	0.0	0.0	-2.1645177575132887e-23
2.57	0.9929782528223045	100.0	100.0	0.0	0.0	0.0	0.0	-2.1625695772249788e-23
2.58	0.9929513039693305	100.0	100.0	0.0	0.0	0.0	0.0	-2.1606233803195336e-23
2.59	0.9929243793444881	100.0	100.0	0.0	0.0	0.0	0.0	-2.1586791643852227e-23
2.5999999999999996	0.9928974789231555	100.0	100.0	0.0	0.0	0.0	0.0	-2.156736927057495e-23
2.61	0.9928706026807413	100.0	100.0	0.0	0.0	0.0	0.0	-2.1547966659273286e-23
2.62	0.9928437505926849	100.0	100.0	0.0	0.0	0.0	0.0	-2.1528583786076068e-23
2.63	0.9928169226344531	100.0	100.0	0.0	0.0	0.0	0.0	-2.1509220627085344e-23
2.64	0.9927901187815434	100.0	100.0	0.0	0.0	0.0	0.0	-2.148987715865371e-23
2.65	0.9927633390094837	100.0	100.0	0.0	0.0	0.0	0.0	-2.1470553356854203e-23
2.66	0.9927365832938284	100.0	100.0	0.0	0.0	0.0	0.0	-2.1451249198144145e-23
2.67	0.9927098516101651	100.0	100.0	0.0	0.0	0.0	0.0	-2.1431964658903205e-23
2.6799999999999997	0.992683143934108	100.0	100.0	0.0	0.0	0.0	0.0	-2.1412699715301375e-23
2.69	0.9926564602413022	100.0	100.0	0.0	0.0	0.0	0.0	-2.1393454343564782e-23
2.6999999999999997	0.9926298005074222	100.0	100.0	0.0	0.0	0.0	0.0	-2.1374228520343695e-23
2.71	0.9926031647081698	100.0	100.0	0.0	0.0	0.0	0.0	-2.1355022221955253e-23
2.72	0.992576552819278	100.0	100.0	0.0	0.0	0.0	0.0	-2.1335835425058372e-23
2.73	0.992549964816508	100.0	100.0	0.0	0.0	0.0	0.0	-2.131666810598737e-23
2.74	0.9925234006756501	100.0	100.0	0.0	0.0	0.0	0.0	-2.129752024110861e-23
2.75	0.9924968603725247	100.0	100.0	0.0	0.0	0.0	0.0	-2.12783918074046e-23
2.76	0.99247034388298	100.0	100.0	0.0	0.0	0.0	0.0	-2.1259282781545982e-23
2.77	0.9924438511828941	100.0	100.0	0.0	0.0	0.0	0.0	-2.124019313992993e-23
2.78	0.9924173822481734	100.0	100.0	0.0	0.0	0.0	0.0	-2.1221122859366467e-23
2.79	0.9923909370547532	100.0	100.0	0.0	0.0	0.0	0.0	-2.1202071916207352e-23
2.8	0.9923645155785988	100.0	100.0	0.0	0.0	0.0	0.0	-2.118304028756679e-23
2.81	0.9923381177957035	100.0	100.0	0.0	0.0	0.0	0.0	-2.1164027950165888e-23
2.8200000000000003	0.9923117436820881	100.0	100.0	0.0	0.0	0.0	0.0	-2.1145034880655403e-23
2.83	0.9922853932138043	100.0	100.0	0.0	0.0	0.0	0.0	-2.1126061056142738e-23
2.84	0.9922590663669315	100.0	100.0	0.0	0.0	0.0	0.0	-2.1107106453593707e-23
2.8499999999999996	0.992232763117578	100.0	100.0	0.0	0.0	0.0	0.0	-2.1088171049609248e-23
2.86	0.9922064834418807	100.0	100.0	0.0	0.0	0.0	0.0	-2.1069254821339213e-23
2.87	0.9921802273160046	100.0	100.0	0.0	0.0	0.0	0.0	-2.1050357745781593e-23
2.88	0.9921539947161434	100.0	100.0	0.0	0.0	0.0	0.0	-2.1031479799945917e-23
2.89	0.9921277856185196	100.0	100.0	0.0	0.0	0.0	0.0	-2.1012620960959635e-23
2.9	0.9921015999993837	100.0	100.0	0.0	0.0	0.0	0.0	-2.0993781205765418e-23
2.9099999999999997	0.9920754378350165	100.0	100.0	0.0	0.0	0.0	0.0	-2.0974960511568663e-23
2.92	0.9920492991017243	100.0	100.0	0.0	0.0	0.0	0.0	-2.0956158855364078e-23
2.9299999999999997	0.9920231837758426	100.0	100.0	0.0	0.0	0.0	0.0	-2.093737621459929e-23
2.94	0.9919970918337365	100.0	100.0	0.0	0.0	0.0	0.0	-2.0918612566246633e-23
2.9499999999999997	0.9919710232517984	100.0	100.0	0.0	0.0	0.0	0.0	-2.0899867887762344e-23
2.96	0.9919449780064488	100.0	100.0	0.0	0.0	0.0	0.0	-2.0881142156351614e-23
2.97	0.9919189560741365	100.0	100.0	0.0	0.0	0.0	0.0	-2.0862435349382042e-23
2.98	0.9918929574313383	100.0	100.0	0.0	0.0	0.0	0.0	-2.084374744427396e-23
2.9899999999999998	0.9918669820545603	100.0	100.0	0.0	0.0	0.0	0.0	-2.0825078418379483e-23
2.9999999999999996	0.9918410299203347	100.0	100.0	0.0	0.0	0.0	0.0	-2.080642824910033e-23
3.01	0.9918151010052229	100.0	100.0	0.0	0.0	0.0	0.0	-2.078779691376685e-23
3.02	0.991789195285813	100.0	100.0	0.0	0.0	0.0	0.0	-2.0769184389948944e-23
3.03	0.9917633127387224	100.0	100.0	0.0	0.0	0.0	0.0	-2.0750590655346527e-23
3.04	0.9917374533405968	100.0	100.0	0.0	0.0	0.0	0.0	-2.0732015687350156e-23
3.0500000000000003	0.9917116170681084	100.0	100.0	0.0	0.0	0.0	0.0	-2.0713459463602156e-23
3.06	0.991685803897957	100.0	100.0	0.0	0.0	0.0	0.0	-2.0694921961545875e-23
3.07	0.9916600138068707	100.0	100.0	0.0	0.0	0.0	0.0	-2.067640315915739e-23
3.0799999999999996	0.9916342467716063	100.0	100.0	0.0	0.0	0.0	0.0	-2.0657903033926267e-23
3.09	0.9916085027689471	100.0	100.0	0.0	0.0	0.0	0.0	-2.0639421563825952e-23
3.1	0.991582781775705	100.0	100.0	0.0	0.0	0.0	0.0	-2.0620958726158163e-23
3.11	0.9915570837687181	100.0	100.0	0.0	0.0	0.0	0.0	-2.0602514498898412e-23
3.12	0.9915314087248529	100.0	100.0	0.0	0.0	0.0	0.0	-2.058408885993829e-23
3.13	0.9915057566210043	100.0	100.0	0.0	0.0	0.0	0.0	-2.056568178694165e-23
3.14	0.9914801274340921	100.0	100.0	0.0	0.0	0.0	0.0	-2.054729325800797e-23
3.15	0.9914545211410659	100.0	100.0	0.0	0.0	0.0	0.0	-2.052892325101698e-23
3.1599999999999997	0.9914289377189016	100.0	100.0	0.0	0.0	0.0	0.0	-2.051057174376901e-23
3.17	0.9914033771446031	100.0	100.0	0.0	0.0	0.0	0.0	-2.049223871446646e-23
3.1799999999999997	0.9913778393952005	100.0	100.0	0.0	0.0	0.0	0.0	-2.0473924140842367e-23
3.19	0.9913523244477532	100.0	100.0	0.0	0.0	0.0	0.0	-2.0455628001051037e-23
3.2	0.9913268322793455	100.0	100.0	0.0	0.0	0.0	0.0	-2.04373502732515e-23
3.21	0.9913013628670908	100.0	100.0	0.0	0.0	0.0	0.0	-2.0419090935463473e-23
3.22	0.9912759161881293	100.0	100.0	0.0	0.0	0.0	0.0	-2.0400849965946553e-23
3.23	0.9912504922196264	100.0	100.0	0.0	0.0	0.0	0.0	-2.0382627342647043e-23
3.2399999999999998	0.9912250909387772	100.0	100.0	0.0	0.0	0.0	0.0	-2.0364423043849882e-23
3.25	0.991199712322802	100.0	100.0	0.0	0.0	0.0	0.0	-2.034623704785289e-23
3.26	0.9911743563489492	100.0	100.0	0.0	0.0	0.0	0.0	-2.0328069332925113e-23
3.27	0.9911490229944947	100.0	100.0	0.0	0.0	0.0	0.0	-2.0309919877424476e-23
3.28	0.9911237122367388	100.0	100.0	0.0	0.0	0.0	0.0	-2.029178865922184e-23
3.29	0.9910984240530113	100.0	100.0	0.0	0.0	0.0	0.0	-2.0273675657398807e-23
3.3000000000000003	0.9910731584206678	100.0	100.0	0.0	0.0	0.0	0.0	-2.025558084968223e-23
3.3099999999999996	0.9910479153170907	100.0	100.0	0.0	0.0	0.0	0.0	-2.0237504214630972e-23
3.32	0.9910226947196887	100.0	100.0	0.0	0.0	0.0	0.0	-2.0219445731002998e-23
3.3299999999999996	0.9909974966058983	100.0	100.0	0.0	0.0	0.0	0.0	-2.0201405377077185e-23
3.34	0.990972320953182	100.0	100.0	0.0	0.0	0.0	0.0	-2.0183383131339237e-23
3.35	0.9909471677390291	100.0	100.0	0.0	0.0	0.0	0.0	-2.0165378972303683e-23
3.36	0.9909220369409553	100.0	100.0	0.0	0.0	0.0	0.0	-2.01473928786427e-23
3.37	0.9908969285365034	100.0	100.0	0.0	0.0	0.0	0.0	-2.0129424829064873e-23
3.38	0.9908718425032423	100.0	100.0	0.0	0.0	0.0	0.0	-2.0111474802114457e-23
3.3899999999999997	0.9908467788187676	100.0	100.0	0.0	0.0	0.0	0.0	-2.009354277625469e-23
3.4	0.9908217374607016	100.0	100.0	0.0	0.0	0.0	0.0	-2.0075628730337785e-23
3.4099999999999997	0.9907967184066919	100.0	100.0	0.0	0.0	0.0	0.0	-2.0057732643074304e-23
3.42	0.9907717216344142	100.0	100.0	0.0	0.0	0.0	0.0	-2.003985449318483e-23
3.43	0.9907467471215695	100.0	100.0	0.0	0.0	0.0	0.0	-2.0021994259483286e-23
3.44	0.9907217948458852	100.0	100.0	0.0	0.0	0.0	0.0	-2.0004151920994408e-23
3.45	0.9906968647851137	100.0	100.0	0.0	0.0	0.0	0.0	-1.9986327456434546e-23
3.46	0.9906719569170358	100.0	100.0	0.0	0.0	0.0	0.0	-1.99685208444201e-23
3.4699999999999998	0.9906470712194606	100.0	100.0	0.0	0.0	0.0	0.0	-1.99507320639601e-23
3.48	0.9906222076702176	100.0	100.0	0.0	0.0	0.0	0.0	-1.9932961094346283e-23
3.4899999999999998	0.9905973662471658	100.0	100.0	0.0	0.0	0.0	0.0	-1.99152079141791e-23
3.5	0.9905725469281901	100.0	100.0	0.0	0.0	0.0	0.0	-1.989747250263344e-23
3.51	0.9905477496912007	100.0	100.0	0.0	0.0	0.0	0.0	-1.9879754838507365e-23
3.52	0.9905229745141347	100.0	100.0	0.0	0.0	0.0	0.0	-1.9862054901169377e-23
3.5300000000000002	0.9904982213749544	100.0	100.0	0.0	0.0	0.0	0.0	-1.9844372669709552e-23
3.54	0.9904734902516483	100.0	100.0	0.0	0.0	0.0	0.0	-1.9826708123034212e-23
3.55	0.9904487811222317	100.0	100.0	0.0	0.0	0.0	0.0	-1.980906124034707e-23
3.5599999999999996	0.9904240939647441	100.0	100.0	0.0	0.0	0.0	0.0	-1.9791432000698247e-23
3.57	0.9903994287572514	100.0	100.0	0.0	0.0	0.0	0.0	-1.977382038363589e-23
3.58	0.9903747854778465	100.0	100.0	0.0	0.0	0.0	0.0	-1.9756226368073044e-23
3.59	0.9903501641046466	100.0	100.0	0.0	0.0	0.0	0.0	-1.9738649933553266e-23
3.6	0.9903255646157946	100.0	100.0	0.0	0.0	0.0	0.0	-1.9721091059208336e-23
3.61	0.9903009869894607	100.0	100.0	0.0	0.0	0.0	0.0	-1.970354972422808e-23
3.62	0.9902764312038395	100.0	100.0	0.0	0.0	0.0	0.0	-1.9686025908387012e-23
3.63	0.9902518972371508	100.0	100.0	0.0	0.0	0.0	0.0	-1.9668519590763233e-23
3.6399999999999997	0.9902273850676407	100.0	100.0	0.0	0.0	0.0	0.0	-1.9651030750924522e-23
3.65	0.9902028946735802	100.0	100.0	0.0	0.0	0.0	0.0	-1.9633559367897413e-23
3.66	0.9901784260332669	100.0	100.0	0.0	0.0	0.0	0.0	-1.9616105421523653e-23
3.6700000000000004	0.9901539791250232	100.0	100.0	0.0	0.0	0.0	0.0	-1.959866889132703e-23
3.6799999999999997	0.9901295539271973	100.0	100.0	0.0	0.0	0.0	0.0	-1.9581249756823855e-23
3.69	0.9901051504181613	100.0	100.0	0.0	0.0	0.0	0.0	-1.9563847997390258e-23
3.7	0.9900807685763143	100.0	100.0	0.0	0.0	0.0	0.0	-1.9546463592970594e-23
3.71	0.9900564083800805	100.0	100.0	0.0	0.0	0.0	0.0	-1.9529096522887395e-23
3.72	0.9900320698079094	100.0	100.0	0.0	0.0	0.0	0.0	-1.9511746766924904e-23
3.7299999999999995	0.9900077528382746	100.0	100.0	0.0	0.0	0.0	0.0	-1.9494414304912042e-23
3.7399999999999998	0.9899834574496765	100.0	100.0	0.0	0.0	0.0	0.0	-1.947709911602129e-23
3.75	0.9899591836206398	100.0	100.0	0.0	0.0	0.0	0.0	-1.9459801180647938e-23
3.7600000000000002	0.989934931329714	100.0	100.0	0.0	0.0	0.0	0.0	-1.944252047796939e-23
3.7700000000000005	0.9899107005554751	100.0	100.0	0.0	0.0	0.0	0.0	-1.9425256988222595e-23
3.78	0.9898864912765224	100.0	100.0	0.0	0.0	0.0	0.0	-1.940801069103624e-23
3.7899999999999996	0.9898623034714811	100.0	100.0	0.0	0.0	0.0	0.0	-1.9390781566218954e-23
3.8	0.9898381371190019	100.0	100.0	0.0	0.0	0.0	0.0	-1.9373569593546654e-23
3.81	0.9898139921977601	100.0	100.0	0.0	0.0	0.0	0.0	-1.9356374753345996e-23
3.8200000000000003	0.989789868686455	100.0	100.0	0.0	0.0	0.0	0.0	-1.933919702525869e-23
3.8299999999999996	0.9897657665638121	100.0	100.0	0.0	0.0	0.0	0.0	-1.9322036389290982e-23
3.84	0.9897416858085807	100.0	100.0	0.0	0.0	0.0	0.0	-1.9304892825476133e-23
3.85	0.9897176263995359	100.0	100.0	0.0	0.0	0.0	0.0	-1.928776631366187e-23
3.8600000000000003	0.9896935883154765	100.0	100.0	0.0	0.0	0.0	0.0	-1.927065683417331e-23
3.87	0.9896695715352265	100.0	100.0	0.0	0.0	0.0	0.0	-1.925356436677059e-23
3.8799999999999994	0.9896455760376359	100.0	100.0	0.0	0.0	0.0	0.0	-1.9236488891857392e-23
3.8899999999999997	0.9896216018015777	100.0	100.0	0.0	0.0	0.0	0.0	-1.921943038971137e-23
3.9	0.9895976488059507	100.0	100.0	0.0	0.0	0.0	0.0	-1.9202388840078353e-23
3.91	0.9895737170296762	100.0	100.0	0.0	0.0	0.0	0.0	-1.9185364223233255e-23
3.9200000000000004	0.9895498064517028	100.0	100.0	0.0	0.0	0.0	0.0	-1.916835651944905e-23
3.9299999999999997	0.9895259170510027	100.0	100.0	0.0	0.0	0.0	0.0	-1.915136570896624e-23
3.94	0.989502048806571	100.0	100.0	0.0	0.0	0.0	0.0	-1.9134391772166774e-23
3.9499999999999997	0.9894782016974293	100.0	100.0	0.0	0.0	0.0	0.0	-1.9117434689304703e-23
3.96	0.9894543757026234	100.0	100.0	0.0	0.0	0.0	0.0	-1.9100494440657445e-23
3.97	0.9894305708012224	100.0	100.0	0.0	0.0	0.0	0.0	-1.908357100647238e-23
3.9799999999999995	0.9894067869723204	100.0	100.0	0.0	0.0	0.0	0.0	-1.9066664367470454e-23
3.9899999999999998	0.9893830241950363	100.0	100.0	0.0	0.0	0.0	0.0	-1.9049774503746967e-23
4.0	0.9893592824485123	100.0	100.0	0.0	0.0	0.0	0.0	-1.903290139612775e-23
4.01	0.9893355617119157	100.0	100.0	0.0	0.0	0.0	0.0	-1.9016045024717466e-23
4.0200000000000005	0.9893118619644377	100.0	100.0	0.0	0.0	0.0	0.0	-1.8999205370210436e-23
4.029999999999999	0.9892881831852935	100.0	100.0	0.0	0.0	0.0	0.0	-1.8982382412973186e-23
4.04	0.9892645253537232	100.0	100.0	0.0	0.0	0.0	0.0	-1.8965576133627637e-23
4.05	0.9892408884489904	100.0	100.0	0.0	0.0	0.0	0.0	-1.894878651273617e-23
4.0600000000000005	0.9892172724503828	100.0	100.0	0.0	0.0	0.0	0.0	-1.8932013530986935e-23
4.07	0.989193677337212	100.0	100.0	0.0	0.0	0.0	0.0	-1.8915257169185885e-23
4.079999999999999	0.9891701030888143	100.0	100.0	0.0	0.0	0.0	0.0	-1.8898517407339293e-23
4.09	0.9891465496845493	100.0	100.0	0.0	0.0	0.0	0.0	-1.8881794226828573e-23
4.1	0.9891230171038012	100.0	100.0	0.0	0.0	0.0	0.0	-1.886508760807159e-23
4.11	0.9890995053259775	100.0	100.0	0.0	0.0	0.0	0.0	-1.8848397531810837e-23
4.12	0.9890760143305093	100.0	100.0	0.0	0.0	0.0	0.0	-1.8831723978673347e-23
4.13	0.9890525440968531	100.0	100.0	0.0	0.0	0.0	0.0	-1.8815066929628767e-23
4.14	0.989029094604488	100.0	100.0	0.0	0.0	0.0	0.0	-1.879842636578812e-23
4.1499999999999995	0.9890056658329169	100.0	100.0	0.0	0.0	0.0	0.0	-1.8781802267327114e-23
4.16	0.9889822577616668	100.0	100.0	0.0	0.0	0.0	0.0	-1.87651946156154e-23
4.17	0.9889588703702885	100.0	100.0	0.0	0.0	0.0	0.0	-1.874860339154871e-23
4.18	0.9889355036383568	100.0	100.0	0.0	0.0	0.0	0.0	-1.8732028576245695e-23
4.1899999999999995	0.9889121575454681	100.0	100.0	0.0	0.0	0.0	0.0	-1.8715470150107604e-23
4.2	0.9888888320712452	100.0	100.0	0.0	0.0	0.0	0.0	-1.869892809460658e-23
4.21	0.9888655271953333	100.0	100.0	0.0	0.0	0.0	0.0	-1.8682402390560835e-23
4.22	0.9888422428974014	100.0	100.0	0.0	0.0	0.0	0.0	-1.866589301911565e-23
4.2299999999999995	0.9888189791571406	100.0	100.0	0.0	0.0	0.0	0.0	-1.864939996097372e-23
4.239999999999999	0.9887957359542677	100.0	100.0	0.0	0.0	0.0	0.0	-1.863292319754657e-23
4.25	0.9887725132685214	100.0	100.0	0.0	0.0	0.0	0.0	-1.8616462710093844e-23
4.26	0.9887493110796649	100.0	100.0	0.0	0.0	0.0	0.0	-1.8600018479374202e-23
4.2700000000000005	0.9887261293674836	100.0	100.0	0.0	0.0	0.0	0.0	-1.858359048684226e-23
4.279999999999999	0.9887029681117876	100.0	100.0	0.0	0.0	0.0	0.0	-1.8567178713515028e-23
4.29	0.9886798272924092	100.0	100.0	0.0	0.0	0.0	0.0	-1.855078314094145e-23
4.3	0.9886567068892047	100.0	100.0	0.0	0.0	0.0	0.0	-1.85344037499552e-23
4.31	0.988633606882053	100.0	100.0	0.0	0.0	0.0	0.0	-1.8518040522099004e-23
4.32	0.9886105272508569	100.0	100.0	0.0	0.0	0.0	0.0	-1.8501693438252207e-23
4.329999999999999	0.9885874679755426	100.0	100.0	0.0	0.0	0.0	0.0	-1.8485362480225713e-23
4.34	0.9885644290360586	100.0	100.0	0.0	0.0	0.0	0.0	-1.846904762928719e-23
4.35	0.9885414104123764	100.0	100.0	0.0	0.0	0.0	0.0	-1.845274886678968e-23
4.36	0.9885184120844916	100.0	100.0	0.0	0.0	0.0	0.0	-1.843646617420888e-23
4.37	0.9884954340324227	100.0	100.0	0.0	0.0	0.0	0.0	-1.8420199533021378e-23
4.38	0.9884724762362098	100.0	100.0	0.0	0.0	0.0	0.0	-1.8403948924434905e-23
4.39	0.9884495386759184	100.0	100.0	0.0	0.0	0.0	0.0	-1.8387714329903236e-23
4.3999999999999995	0.9884266213316356	100.0	100.0	0.0	0.0	0.0	0.0	-1.8371495731197575e-23
4.41	0.9884037241834717	100.0	100.0	0.0	0.0	0.0	0.0	-1.8355293109716257e-23
4.42	0.9883808472115589	100.0	100.0	0.0	0.0	0.0	0.0	-1.833910644722686e-23
4.430000000000001	0.9883579903960544	100.0	100.0	0.0	0.0	0.0	0.0	-1.8322935725050956e-23
4.4399999999999995	0.9883351537171358	100.0	100.0	0.0	0.0	0.0	0.0	-1.830678092488577e-23
4.45	0.9883123371550055	100.0	100.0	0.0	0.0	0.0	0.0	-1.8290642028318518e-23
4.46	0.9882895406898877	100.0	100.0	0.0	0.0	0.0	0.0	-1.8274519017034205e-23
4.47	0.9882667643020293	100.0	100.0	0.0	0.0	0.0	0.0	-1.8258411872864277e-23
4.48	0.9882440079716999	100.0	100.0	0.0	0.0	0.0	0.0	-1.8242320577471474e-23
4.489999999999999	0.9882212716791933	100.0	100.0	0.0	0.0	0.0	0.0	-1.8226245112591682e-23
4.5	0.9881985554048242	100.0	100.0	0.0	0.0	0.0	0.0	-1.8210185459718826e-23
4.51	0.9881758591289291	100.0	100.0	0.0	0.0	0.0	0.0	-1.8194141600971997e-23
4.5200000000000005	0.98815318283187	100.0	100.0	0.0	0.0	0.0	0.0	-1.8178113518120927e-23
4.53	0.9881305264940294	100.0	100.0	0.0	0.0	0.0	0.0	-1.8162101192918726e-23
4.54	0.9881078900958126	100.0	100.0	0.0	0.0	0.0	0.0	-1.814610460718467e-23
4.55	0.9880852736176484	100.0	100.0	0.0	0.0	0.0	0.0	-1.8130123743034712e-23
4.56	0.9880626770399863	100.0	100.0	0.0	0.0	0.0	0.0	-1.811415858221375e-23
4.57	0.9880401003433003	100.0	100.0	0.0	0.0	0.0	0.0	-1.8098209106894664e-23
4.58	0.9880175435080844	100.0	100.0	0.0	0.0	0.0	0.0	-1.8082275298703634e-23
4.59	0.987995006514857	100.0	100.0	0.0	0.0	0.0	0.0	-1.8066357140076235e-23
4.6	0.9879724893441588	100.0	100.0	0.0	0.0	0.0	0.0	-1.805045461277103e-23
4.61	0.9879499919765516	100.0	100.0	0.0	0.0	0.0	0.0	-1.8034567698759688e-23
4.62	0.987927514392619	100.0	100.0	0.0	0.0	0.0	0.0	-1.8018696379979738e-23
4.63	0.9879050565729697	100.0	100.0	0.0	0.0	0.0	0.0	-1.8002840638815297e-23
4.64	0.9878826184982319	100.0	100.0	0.0	0.0	0.0	0.0	-1.798700045740648e-23
4.6499999999999995	0.9878602001490571	100.0	100.0	0.0	0.0	0.0	0.0	-1.7971175817754976e-23
4.66	0.9878378015061182	100.0	100.0	0.0	0.0	0.0	0.0	-1.7955366701840712e-23
4.67	0.9878154225501117	100.0	100.0	0.0	0.0	0.0	0.0	-1.7939573092079688e-23
4.680000000000001	0.9877930632617549	100.0	100.0	0.0	0.0	0.0	0.0	-1.792379497089497e-23
4.6899999999999995	0.9877707236217877	100.0	100.0	0.0	0.0	0.0	0.0	-1.790803232032187e-23
4.7	0.9877484036109718	100.0	100.0	0.0	0.0	0.0	0.0	-1.7892285122829584e-23
4.71	0.9877261032100904	100.0	100.0	0.0	0.0	0.0	0.0	-1.787655336002813e-23
4.72	0.98770382239995	100.0	100.0	0.0	0.0	0.0	0.0	-1.7860837014899765e-23
4.73	0.9876815611613788	100.0	100.0	0.0	0.0	0.0	0.0	-1.7845136069539548e-23
4.739999999999999	0.9876593194752259	100.0	100.0	0.0	0.0	0.0	0.0	-1.782945050630656e-23
4.75	0.9876370973223622	100.0	100.0	0.0	0.0	0.0	0.0	-1.7813780307667887e-23
4.76	0.9876148946836817	100.0	100.0	0.0	0.0	0.0	0.0	-1.7798125456292506e-23
4.7700000000000005	0.9875927115401001	100.0	100.0	0.0	0.0	0.0	0.0	-1.7782485934281295e-23
4.78	0.9875705478725538	100.0	100.0	0.0	0.0	0.0	0.0	-1.7766861723942973e-23
4.789999999999999	0.9875484036620019	100.0	100.0	0.0	0.0	0.0	0.0	-1.7751252808183856e-23
4.8	0.987526278889425	100.0	100.0	0.0	0.0	0.0	0.0	-1.7735659169248718e-23
4.81	0.9875041735358248	100.0	100.0	0.0	0.0	0.0	0.0	-1.7720080789690263e-23
4.82	0.9874820875822247	100.0	100.0	0.0	0.0	0.0	0.0	-1.770451765196279e-23
4.83	0.9874600210096709	100.0	100.0	0.0	0.0	0.0	0.0	-1.7688969738936732e-23
4.84	0.9874379737992309	100.0	100.0	0.0	0.0	0.0	0.0	-1.7673437033299107e-23
4.85	0.9874159459319932	100.0	100.0	0.0	0.0	0.0	0.0	-1.7657919517442854e-23
4.86	0.9873939373890673	100.0	100.0	0.0	0.0	0.0	0.0	-1.764241717394718e-23
4.87	0.9873719481515861	100.0	100.0	0.0	0.0	0.0	0.0	-1.7626929985739888e-23
4.88	0.9873499782007019	100.0	100.0	0.0	0.0	0.0	0.0	-1.7611457935111037e-23
4.89	0.9873280275175903	100.0	100.0	0.0	0.0	0.0	0.0	-1.759600100519395e-23
4.8999999999999995	0.987306096083448	100.0	100.0	0.0	0.0	0.0	0.0	-1.7580559178410617e-23
4.91	0.9872841838794917	100.0	100.0	0.0	0.0	0.0	0.0	-1.7565132438066194e-23
4.92	0.9872622908869603	100.0	100.0	0.0	0.0	0.0	0.0	-1.7549720766271618e-23
4.930000000000001	0.9872404170871147	100.0	100.0	0.0	0.0	0.0	0.0	-1.753432414611782e-23
4.9399999999999995	0.9872185624612363	100.0	100.0	0.0	0.0	0.0	0.0	-1.7518942560621443e-23
4.949999999999999	0.987196726990628	100.0	100.0	0.0	0.0	0.0	0.0	-1.7503575992761778e-23
4.96	0.9871749106566141	100.0	100.0	0.0	0.0	0.0	0.0	-1.7488224425245026e-23
4.97	0.9871531134405397	100.0	100.0	0.0	0.0	0.0	0.0	-1.7472887840689134e-23
4.98	0.9871313353237721	100.0	100.0	0.0	0.0	0.0	0.0	-1.7457566222445217e-23
4.989999999999999	0.9871095762876991	100.0	100.0	0.0	0.0	0.0	0.0	-1.7442259553531735e-23
5.0	0.9870878363137303	100.0	100.0	0.0	0.0	0.0	0.0	-1.7426967816387397e-23
5.01	0.9870661153832945	100.0	100.0	0.0	0.0	0.0	0.0	-1.7411690994340586e-23
5.02	0.9870444134778428	100.0	100.0	0.0	0.0	0.0	0.0	-1.739642907092999e-23
5.03	0.9870227305788485	100.0	100.0	0.0	0.0	0.0	0.0	-1.7381182028441086e-23
5.039999999999999	0.9870010666678036	100.0	100.0	0.0	0.0	0.0	0.0	-1.7365949850262352e-23
5.05	0.9869794217262241	100.0	100.0	0.0	0.0	0.0	0.0	-1.7350732519591997e-23
5.06	0.9869577957356438	100.0	100.0	0.0	0.0	0.0	0.0	-1.733553001945225e-23
5.07	0.9869361886776197	100.0	100.0	0.0	0.0	0.0	0.0	-1.7320342333135607e-23
5.08	0.9869146005337291	100.0	100.0	0.0	0.0	0.0	0.0	-1.7305169443309627e-23
5.09	0.9868930312855698	100.0	100.0	0.0	0.0	0.0	0.0	-1.729001133366813e-23
5.1	0.9868714809147597	100.0	100.0	0.0	0.0	0.0	0.0	-1.7274867987501655e-23
5.109999999999999	0.9868499494029394	100.0	100.0	0.0	0.0	0.0	0.0	-1.725973938748436e-23
5.12	0.9868284367317686	100.0	100.0	0.0	0.0	0.0	0.0	-1.7244625517336585e-23
5.13	0.9868069428829298	100.0	100.0	0.0	0.0	0.0	0.0	-1.7229526360429366e-23
5.14	0.9867854678381243	100.0	100.0	0.0	0.0	0.0	0.0	-1.721444189960545e-23
5.1499999999999995	0.986764011579075	100.0	100.0	0.0	0.0	0.0	0.0	-1.7199372118466746e-23
5.16	0.9867425740875249	100.0	100.0	0.0	0.0	0.0	0.0	-1.718431700063807e-23
5.17	0.9867211553452385	100.0	100.0	0.0	0.0	0.0	0.0	-1.7169276528985648e-23
5.18	0.9866997553340003	100.0	100.0	0.0	0.0	0.0	0.0	-1.7154250687245682e-23
5.1899999999999995	0.9866783740356156	100.0	100.0	0.0	0.0	0.0	0.0	-1.713923945896977e-23
5.199999999999999	0.9866570114319108	100.0	100.0	0.0	0.0	0.0	0.0	-1.7124242827118444e-23
5.21	0.9866356675047322	100.0	100.0	0.0	0.0	0.0	0.0	-1.7109260775439726e-23
5.22	0.9866143422359465	100.0	100.0	0.0	0.0	0.0	0.0	-1.7094293287278057e-23
5.23	0.986593035607441	100.0	100.0	0.0	0.0	0.0	0.0	-1.7079340346236524e-23
5.24	0.9865717476011233	100.0	100.0	0.0	0.0	0.0	0.0	-1.7064401935884062e-23
5.25	0.9865504781989225	100.0	100.0	0.0	0.0	0.0	0.0	-1.7049478039928736e-23
5.26	0.9865292273827876	100.0	100.0	0.0	0.0	0.0	0.0	-1.7034568641652117e-23
5.27	0.986507995134687	100.0	100.0	0.0	0.0	0.0	0.0	-1.701967372503755e-23
5.28	0.9864867814366103	100.0	100.0	0.0	0.0	0.0	0.0	-1.7004793273545073e-23
5.29	0.9864655862705676	100.0	100.0	0.0	0.0	0.0	0.0	-1.6989927270819116e-23
5.3	0.9864444096185884	100.0	100.0	0.0	0.0	0.0	0.0	-1.697507570016827e-23
5.31	0.9864232514627235	100.0	100.0	0.0	0.0	0.0	0.0	-1.6960238545761722e-23
5.32	0.9864021117850441	100.0	100.0	0.0	0.0	0.0	0.0	-1.6945415791392775e-23
5.33	0.9863809905676393	100.0	100.0	0.0	0.0	0.0	0.0	-1.69306074203453e-23
5.34	0.986359887792622	100.0	100.0	0.0	0.0	0.0	0.0	-1.6915813416544652e-23
5.35	0.9863388034421224	100.0	100.0	0.0	0.0	0.0	0.0	-1.6901033763980552e-23
5.359999999999999	0.9863177374982924	100.0	100.0	0.0	0.0	0.0	0.0	-1.6886268446084637e-23
5.37	0.9862966899433033	100.0	100.0	0.0	0.0	0.0	0.0	-1.6871517446824505e-23
5.38	0.9862756607593459	100.0	100.0	0.0	0.0	0.0	0.0	-1.6856780750126656e-23
5.390000000000001	0.9862546499286327	100.0	100.0	0.0	0.0	0.0	0.0	-1.684205833979965e-23
5.3999999999999995	0.9862336574333943	100.0	100.0	0.0	0.0	0.0	0.0	-1.6827350199821045e-23
5.41	0.9862126832558827	100.0	100.0	0.0	0.0	0.0	0.0	-1.6812656313942143e-23
5.42	0.9861917273783702	100.0	100.0	0.0	0.0	0.0	0.0	-1.679797666627053e-23
5.43	0.9861707897831473	100.0	100.0	0.0	0.0	0.0	0.0	-1.678331124090899e-23
5.44	0.986149870452526	100.0	100.0	0.0	0.0	0.0	0.0	-1.676866002140119e-23
5.449999999999999	0.9861289693688374	100.0	100.0	0.0	0.0	0.0	0.0	-1.6754022991950708e-23
