# time of execution: 2021-10-19 15:14:07
#model:arbspin
### simulation parameters ###
# timestep dt=1e-16[s]
# initial temperature:295.0[K]
# initial magnetization [x,y,z]:[0.0, 0.0, 0.9863]
### sample paramters ###
# Sample: Iron
# S=2
# mu_at=2.2[mu_B]
# nx=1	ny=1	nz=52
# dx=2.856e-10	dy=2.856e-10	dz=2.856e-10	[m]
# atoms per unit cell:2
# asf=0.055
# gep, cv_el, cv_ph: DFT-interpolation
# Tc=1041[K]
# T_Deb=396[K]
### pulse paramters ###
# peak power:4.33e+22[W/m^3]
# sigma=1.8e-14[s]
# delay=1e-11[s]
#############################
# time [ps]	magnetization	T_e [K]	T_p [K]	E_tot [J/m^3]	E_el [J/m^3]	E_ph [J/m^3]	E_spin [J/m^3]
0.0	1.0	295.0	295.0	0	0	0	0
0.01	0.9998875378433871	295.0	295.0	0.0	0.0	0.0	0.0
0.02	0.9997758915346355	295.0	295.0	0.0	0.0	0.0	0.0
0.03	0.9996650548296104	295.0	295.0	0.0	0.0	0.0	0.0
0.04	0.9995550215360899	295.0	295.0	0.0	0.0	0.0	0.0
0.05	0.9994457855132789	295.0	295.0	0.0	0.0	0.0	0.0
0.06	0.9993373406713336	295.0	295.0	0.0	0.0	0.0	0.0
0.07	0.999229680970881	295.0	295.0	0.0	0.0	0.0	0.0
0.08	0.9991228004225583	295.0	295.0	0.0	0.0	0.0	0.0
0.09	0.9990166930865416	295.0	295.0	0.0	0.0	0.0	0.0
0.1	0.9989113530720879	295.0	295.0	0.0	0.0	0.0	0.0
0.11	0.998806774537084	295.0	295.0	0.0	0.0	0.0	0.0
0.12	0.9987029516875927	295.0	295.0	0.0	0.0	0.0	0.0
0.13	0.9985998787774122	295.0	295.0	0.0	0.0	0.0	0.0
0.14	0.9984975501076331	295.0	295.0	0.0	0.0	0.0	0.0
0.15	0.9983959600262036	295.0	295.0	0.0	0.0	0.0	0.0
0.16	0.9982951029274995	295.0	295.0	0.0	0.0	0.0	0.0
0.17	0.9981949732518989	295.0	295.0	0.0	0.0	0.0	0.0
0.18	0.9980955654853564	295.0	295.0	0.0	0.0	0.0	0.0
0.19	0.9979968741589919	295.0	295.0	0.0	0.0	0.0	0.0
0.2	0.9978988938486721	295.0	295.0	0.0	0.0	0.0	0.0
0.21	0.9978016191746056	295.0	295.0	0.0	0.0	0.0	0.0
0.22	0.9977050448009355	295.0	295.0	0.0	0.0	0.0	0.0
0.22999999999999998	0.9976091654353437	295.0	295.0	0.0	0.0	0.0	0.0
0.24	0.997513975828651	295.0	295.0	0.0	0.0	0.0	0.0
0.25	0.9974194707744267	295.0	295.0	0.0	0.0	0.0	0.0
0.26	0.9973256451086017	295.0	295.0	0.0	0.0	0.0	0.0
0.27	0.9972324937090832	295.0	295.0	0.0	0.0	0.0	0.0
0.28	0.9971400114953765	295.0	295.0	0.0	0.0	0.0	0.0
0.29	0.9970481934282076	295.0	295.0	0.0	0.0	0.0	0.0
0.3	0.9969570345091536	295.0	295.0	0.0	0.0	0.0	0.0
0.31	0.9968665297802735	295.0	295.0	0.0	0.0	0.0	0.0
0.32	0.9967766743237417	295.0	295.0	0.0	0.0	0.0	0.0
0.33	0.9966874632614914	295.0	295.0	0.0	0.0	0.0	0.0
0.34	0.9965988917548548	295.0	295.0	0.0	0.0	0.0	0.0
0.35	0.9965109550042136	295.0	295.0	0.0	0.0	0.0	0.0
0.36	0.9964236482486439	295.0	295.0	0.0	0.0	0.0	0.0
0.37	0.9963369667655747	295.0	295.0	0.0	0.0	0.0	0.0
0.38	0.996250905870444	295.0	295.0	0.0	0.0	0.0	0.0
0.39	0.9961654609163582	295.0	295.0	0.0	0.0	0.0	0.0
0.4	0.9960806272937599	295.0	295.0	0.0	0.0	0.0	0.0
0.41	0.9959964004300951	295.0	295.0	0.0	0.0	0.0	0.0
0.42	0.9959127757894795	295.0	295.0	0.0	0.0	0.0	0.0
0.43	0.9958297488723802	295.0	295.0	0.0	0.0	0.0	0.0
0.44	0.995747315215291	295.0	295.0	0.0	0.0	0.0	0.0
0.45	0.9956654703904093	295.0	295.0	0.0	0.0	0.0	0.0
0.45999999999999996	0.9955842100053268	295.0	295.0	0.0	0.0	0.0	0.0
0.47000000000000003	0.995503529702713	295.0	295.0	0.0	0.0	0.0	0.0
0.48	0.9954234251600063	295.0	295.0	0.0	0.0	0.0	0.0
0.49000000000000005	0.9953438920891099	295.0	295.0	0.0	0.0	0.0	0.0
0.5	0.9952649262360873	295.0	295.0	0.0	0.0	0.0	0.0
0.5099999999999999	0.9951865233808592	295.0	295.0	0.0	0.0	0.0	0.0
0.52	0.9951086793369109	295.0	295.0	0.0	0.0	0.0	0.0
0.5299999999999999	0.9950313899509968	295.0	295.0	0.0	0.0	0.0	0.0
0.54	0.9949546511028485	295.0	295.0	0.0	0.0	0.0	0.0
0.5499999999999999	0.9948784587048835	295.0	295.0	0.0	0.0	0.0	0.0
0.56	0.9948028087019261	295.0	295.0	0.0	0.0	0.0	0.0
0.57	0.9947276970709177	295.0	295.0	0.0	0.0	0.0	0.0
0.58	0.9946531198206429	295.0	295.0	0.0	0.0	0.0	0.0
0.59	0.994579072991449	295.0	295.0	0.0	0.0	0.0	0.0
0.6	0.9945055526549715	295.0	295.0	0.0	0.0	0.0	0.0
0.61	0.9944325549138651	295.0	295.0	0.0	0.0	0.0	0.0
0.62	0.9943600759015294	295.0	295.0	0.0	0.0	0.0	0.0
0.6299999999999999	0.9942881117818473	295.0	295.0	0.0	0.0	0.0	0.0
0.64	0.9942166587489208	295.0	295.0	0.0	0.0	0.0	0.0
0.6499999999999999	0.9941457130268075	295.0	295.0	0.0	0.0	0.0	0.0
0.66	0.9940752708692632	295.0	295.0	0.0	0.0	0.0	0.0
0.6699999999999999	0.9940053285594845	295.0	295.0	0.0	0.0	0.0	0.0
0.68	0.9939358824098579	295.0	295.0	0.0	0.0	0.0	0.0
0.69	0.9938669287617066	295.0	295.0	0.0	0.0	0.0	0.0
0.7	0.9937984639850409	295.0	295.0	0.0	0.0	0.0	0.0
0.71	0.9937304844783136	295.0	295.0	0.0	0.0	0.0	0.0
0.72	0.9936629866681759	295.0	295.0	0.0	0.0	0.0	0.0
0.73	0.993595967009233	295.0	295.0	0.0	0.0	0.0	0.0
0.74	0.9935294219838117	295.0	295.0	0.0	0.0	0.0	0.0
0.7499999999999999	0.9934633481017155	295.0	295.0	0.0	0.0	0.0	0.0
0.76	0.9933977418999931	295.0	295.0	0.0	0.0	0.0	0.0
0.7699999999999999	0.9933325999427078	295.0	295.0	0.0	0.0	0.0	0.0
0.78	0.9932679188207052	295.0	295.0	0.0	0.0	0.0	0.0
0.7899999999999999	0.9932036951513855	295.0	295.0	0.0	0.0	0.0	0.0
0.8	0.993139925578478	295.0	295.0	0.0	0.0	0.0	0.0
0.8099999999999999	0.993076606771816	295.0	295.0	0.0	0.0	0.0	0.0
0.82	0.9930137354271188	295.0	295.0	0.0	0.0	0.0	0.0
0.83	0.9929513082657698	295.0	295.0	0.0	0.0	0.0	0.0
0.84	0.9928893220345979	295.0	295.0	0.0	0.0	0.0	0.0
0.85	0.9928277735056665	295.0	295.0	0.0	0.0	0.0	0.0
0.86	0.9927666594760552	295.0	295.0	0.0	0.0	0.0	0.0
0.87	0.9927059767676524	295.0	295.0	0.0	0.0	0.0	0.0
0.88	0.992645722226945	295.0	295.0	0.0	0.0	0.0	0.0
0.8899999999999999	0.9925858927248101	295.0	295.0	0.0	0.0	0.0	0.0
0.9	0.9925264851563116	295.0	295.0	0.0	0.0	0.0	0.0
0.9099999999999999	0.9924674964404958	295.0	295.0	0.0	0.0	0.0	0.0
0.9199999999999999	0.9924089235201893	295.0	295.0	0.0	0.0	0.0	0.0
0.93	0.9923507633618012	295.0	295.0	0.0	0.0	0.0	0.0
0.9400000000000001	0.9922930129551247	295.0	295.0	0.0	0.0	0.0	0.0
0.95	0.992235669313141	295.0	295.0	0.0	0.0	0.0	0.0
0.96	0.9921787294718261	295.0	295.0	0.0	0.0	0.0	0.0
0.9699999999999999	0.9921221904899566	295.0	295.0	0.0	0.0	0.0	0.0
0.9800000000000001	0.992066049448924	295.0	295.0	0.0	0.0	0.0	0.0
0.99	0.9920103034525397	295.0	295.0	0.0	0.0	0.0	0.0
1.0	0.9919549496268535	295.0	295.0	0.0	0.0	0.0	0.0
1.01	0.9918999851199662	295.0	295.0	0.0	0.0	0.0	0.0
1.0199999999999998	0.9918454071018462	295.0	295.0	0.0	0.0	0.0	0.0
1.03	0.99179121276415	295.0	295.0	0.0	0.0	0.0	0.0
1.04	0.9917373993200395	295.0	295.0	0.0	0.0	0.0	0.0
1.05	0.9916839640040029	295.0	295.0	0.0	0.0	0.0	0.0
1.0599999999999998	0.9916309040716834	295.0	295.0	0.0	0.0	0.0	0.0
1.0699999999999998	0.9915782167996984	295.0	295.0	0.0	0.0	0.0	0.0
1.08	0.9915258994854688	295.0	295.0	0.0	0.0	0.0	0.0
1.09	0.9914739494470466	295.0	295.0	0.0	0.0	0.0	0.0
1.0999999999999999	0.9914223640229469	295.0	295.0	0.0	0.0	0.0	0.0
1.1099999999999999	0.9913711405719756	295.0	295.0	0.0	0.0	0.0	0.0
1.12	0.991320276473062	295.0	295.0	0.0	0.0	0.0	0.0
1.1300000000000001	0.991269769125098	295.0	295.0	0.0	0.0	0.0	0.0
1.14	0.9912196159467694	295.0	295.0	0.0	0.0	0.0	0.0
1.15	0.9911698143763957	295.0	295.0	0.0	0.0	0.0	0.0
1.16	0.9911203618717692	295.0	295.0	0.0	0.0	0.0	0.0
1.1700000000000002	0.9910712559099919	295.0	295.0	0.0	0.0	0.0	0.0
1.18	0.9910224939873236	295.0	295.0	0.0	0.0	0.0	0.0
1.19	0.9909740736190182	295.0	295.0	0.0	0.0	0.0	0.0
1.2	0.9909259923391736	295.0	295.0	0.0	0.0	0.0	0.0
1.21	0.9908782477005745	295.0	295.0	0.0	0.0	0.0	0.0
1.22	0.9908308372745428	295.0	295.0	0.0	0.0	0.0	0.0
1.23	0.9907837586507842	295.0	295.0	0.0	0.0	0.0	0.0
1.24	0.9907370094372391	295.0	295.0	0.0	0.0	0.0	0.0
1.25	0.9906905872599355	295.0	295.0	0.0	0.0	0.0	0.0
1.2599999999999998	0.9906444897628385	295.0	295.0	0.0	0.0	0.0	0.0
1.27	0.9905987146077078	295.0	295.0	0.0	0.0	0.0	0.0
1.28	0.9905532594739537	295.0	295.0	0.0	0.0	0.0	0.0
1.29	0.9905081220584904	295.0	295.0	0.0	0.0	0.0	0.0
1.2999999999999998	0.9904633000755964	295.0	295.0	0.0	0.0	0.0	0.0
1.31	0.9904187912567737	295.0	295.0	0.0	0.0	0.0	0.0
1.32	0.9903745933506116	295.0	295.0	0.0	0.0	0.0	0.0
1.33	0.99033070412264	295.0	295.0	0.0	0.0	0.0	0.0
1.3399999999999999	0.9902871213552039	295.0	295.0	0.0	0.0	0.0	0.0
1.3499999999999999	0.9902438428473168	295.0	295.0	0.0	0.0	0.0	0.0
1.36	0.9902008664145349	295.0	295.0	0.0	0.0	0.0	0.0
1.37	0.9901581898888184	295.0	295.0	0.0	0.0	0.0	0.0
1.38	0.9901158111184024	295.0	295.0	0.0	0.0	0.0	0.0
1.39	0.9900737279676661	295.0	295.0	0.0	0.0	0.0	0.0
1.4	0.9900319383169991	295.0	295.0	0.0	0.0	0.0	0.0
1.4100000000000001	0.9899904400626784	295.0	295.0	0.0	0.0	0.0	0.0
1.42	0.9899492311167374	295.0	295.0	0.0	0.0	0.0	0.0
1.43	0.989908309406841	295.0	295.0	0.0	0.0	0.0	0.0
1.44	0.9898676728761585	295.0	295.0	0.0	0.0	0.0	0.0
1.45	0.9898273194832422	295.0	295.0	0.0	0.0	0.0	0.0
1.46	0.9897872472019038	295.0	295.0	0.0	0.0	0.0	0.0
1.47	0.9897474540210905	295.0	295.0	0.0	0.0	0.0	0.0
1.48	0.989707937944767	295.0	295.0	0.0	0.0	0.0	0.0
1.49	0.9896686969917924	295.0	295.0	0.0	0.0	0.0	0.0
1.4999999999999998	0.9896297291958038	295.0	295.0	0.0	0.0	0.0	0.0
1.51	0.9895910326050996	295.0	295.0	0.0	0.0	0.0	0.0
1.52	0.9895526052825208	295.0	295.0	0.0	0.0	0.0	0.0
1.53	0.9895144453053346	295.0	295.0	0.0	0.0	0.0	0.0
1.5399999999999998	0.9894765507651232	295.0	295.0	0.0	0.0	0.0	0.0
1.55	0.9894389197676665	295.0	295.0	0.0	0.0	0.0	0.0
1.56	0.9894015504328315	295.0	295.0	0.0	0.0	0.0	0.0
1.57	0.9893644408944596	295.0	295.0	0.0	0.0	0.0	0.0
1.5799999999999998	0.9893275893002575	295.0	295.0	0.0	0.0	0.0	0.0
1.5899999999999999	0.9892909938116856	295.0	295.0	0.0	0.0	0.0	0.0
1.6	0.989254652603851	295.0	295.0	0.0	0.0	0.0	0.0
1.61	0.9892185638653983	295.0	295.0	0.0	0.0	0.0	0.0
1.6199999999999999	0.9891827257984016	295.0	295.0	0.0	0.0	0.0	0.0
1.63	0.9891471366182614	295.0	295.0	0.0	0.0	0.0	0.0
1.64	0.989111794553599	295.0	295.0	0.0	0.0	0.0	0.0
1.6500000000000001	0.9890766978461495	295.0	295.0	0.0	0.0	0.0	0.0
1.66	0.9890418447506625	295.0	295.0	0.0	0.0	0.0	0.0
1.67	0.9890072335347959	295.0	295.0	0.0	0.0	0.0	0.0
1.68	0.9889728624790174	295.0	295.0	0.0	0.0	0.0	0.0
1.69	0.9889387298765022	295.0	295.0	0.0	0.0	0.0	0.0
1.7	0.9889048340330339	295.0	295.0	0.0	0.0	0.0	0.0
1.71	0.9888711732669055	295.0	295.0	0.0	0.0	0.0	0.0
1.72	0.9888377459088208	295.0	295.0	0.0	0.0	0.0	0.0
1.73	0.9888045503017981	295.0	295.0	0.0	0.0	0.0	0.0
1.74	0.9887715848010732	295.0	295.0	0.0	0.0	0.0	0.0
1.75	0.9887388477740049	295.0	295.0	0.0	0.0	0.0	0.0
1.76	0.988706337599978	295.0	295.0	0.0	0.0	0.0	0.0
1.77	0.9886740526703102	295.0	295.0	0.0	0.0	0.0	0.0
1.7799999999999998	0.9886419913881611	295.0	295.0	0.0	0.0	0.0	0.0
1.79	0.988610152168438	295.0	295.0	0.0	0.0	0.0	0.0
1.8	0.9885785334377025	295.0	295.0	0.0	0.0	0.0	0.0
1.81	0.9885471336340834	295.0	295.0	0.0	0.0	0.0	0.0
1.8199999999999998	0.9885159512071862	295.0	295.0	0.0	0.0	0.0	0.0
1.83	0.988484984617999	295.0	295.0	0.0	0.0	0.0	0.0
1.8399999999999999	0.9884542323388104	295.0	295.0	0.0	0.0	0.0	0.0
1.85	0.9884236928531173	295.0	295.0	0.0	0.0	0.0	0.0
1.86	0.9883933646555413	295.0	295.0	0.0	0.0	0.0	0.0
1.8699999999999999	0.9883632462517384	295.0	295.0	0.0	0.0	0.0	0.0
1.8800000000000001	0.988333336158317	295.0	295.0	0.0	0.0	0.0	0.0
1.89	0.9883036329027521	295.0	295.0	0.0	0.0	0.0	0.0
1.9	0.9882741350233004	295.0	295.0	0.0	0.0	0.0	0.0
1.9100000000000001	0.9882448410689151	295.0	295.0	0.0	0.0	0.0	0.0
1.92	0.9882157495991691	295.0	295.0	0.0	0.0	0.0	0.0
1.9300000000000002	0.9881868591841665	295.0	295.0	0.0	0.0	0.0	0.0
1.9399999999999997	0.9881581684044634	295.0	295.0	0.0	0.0	0.0	0.0
1.95	0.9881296758509902	295.0	295.0	0.0	0.0	0.0	0.0
1.9600000000000002	0.988101380124968	295.0	295.0	0.0	0.0	0.0	0.0
1.97	0.9880732798378301	295.0	295.0	0.0	0.0	0.0	0.0
1.98	0.9880453736111433	295.0	295.0	0.0	0.0	0.0	0.0
1.9899999999999998	0.9880176600765322	295.0	295.0	0.0	0.0	0.0	0.0
2.0	0.987990137875599	295.0	295.0	0.0	0.0	0.0	0.0
2.0100000000000002	0.9879628056598456	295.0	295.0	0.0	0.0	0.0	0.0
2.02	0.987935662090603	295.0	295.0	0.0	0.0	0.0	0.0
2.0300000000000002	0.9879087058389504	295.0	295.0	0.0	0.0	0.0	0.0
2.0399999999999996	0.9878819355856433	295.0	295.0	0.0	0.0	0.0	0.0
2.05	0.9878553500210395	295.0	295.0	0.0	0.0	0.0	0.0
2.06	0.9878289478450216	295.0	295.0	0.0	0.0	0.0	0.0
2.07	0.9878027277669297	295.0	295.0	0.0	0.0	0.0	0.0
2.08	0.9877766885054844	295.0	295.0	0.0	0.0	0.0	0.0
2.09	0.9877508287887189	295.0	295.0	0.0	0.0	0.0	0.0
2.1	0.9877251473539036	295.0	295.0	0.0	0.0	0.0	0.0
2.11	0.9876996429474804	295.0	295.0	0.0	0.0	0.0	0.0
2.1199999999999997	0.9876743143249861	295.0	295.0	0.0	0.0	0.0	0.0
2.13	0.9876491602509913	295.0	295.0	0.0	0.0	0.0	0.0
2.1399999999999997	0.987624179499024	295.0	295.0	0.0	0.0	0.0	0.0
2.15	0.9875993708515062	295.0	295.0	0.0	0.0	0.0	0.0
2.16	0.9875747330996834	295.0	295.0	0.0	0.0	0.0	0.0
2.17	0.9875502650435587	295.0	295.0	0.0	0.0	0.0	0.0
2.18	0.9875259654918263	295.0	295.0	0.0	0.0	0.0	0.0
2.19	0.9875018332618037	295.0	295.0	0.0	0.0	0.0	0.0
2.1999999999999997	0.9874778671793696	295.0	295.0	0.0	0.0	0.0	0.0
2.21	0.987454066078894	295.0	295.0	0.0	0.0	0.0	0.0
2.2199999999999998	0.9874304288031795	295.0	295.0	0.0	0.0	0.0	0.0
2.23	0.9874069542033915	295.0	295.0	0.0	0.0	0.0	0.0
2.24	0.9873836411389991	295.0	295.0	0.0	0.0	0.0	0.0
2.25	0.9873604884777104	295.0	295.0	0.0	0.0	0.0	0.0
2.2600000000000002	0.9873374950954105	295.0	295.0	0.0	0.0	0.0	0.0
2.27	0.9873146598760986	295.0	295.0	0.0	0.0	0.0	0.0
2.28	0.987291981711829	295.0	295.0	0.0	0.0	0.0	0.0
2.29	0.9872694595026468	295.0	295.0	0.0	0.0	0.0	0.0
2.3	0.9872470921565303	295.0	295.0	0.0	0.0	0.0	0.0
2.31	0.9872248785893316	295.0	295.0	0.0	0.0	0.0	0.0
2.32	0.9872028177247131	295.0	295.0	0.0	0.0	0.0	0.0
2.33	0.9871809084940923	295.0	295.0	0.0	0.0	0.0	0.0
2.3400000000000003	0.9871591498365833	295.0	295.0	0.0	0.0	0.0	0.0
2.35	0.9871375406989357	295.0	295.0	0.0	0.0	0.0	0.0
2.36	0.9871160800354802	295.0	295.0	0.0	0.0	0.0	0.0
2.3699999999999997	0.9870947668080713	295.0	295.0	0.0	0.0	0.0	0.0
2.38	0.9870735999860274	295.0	295.0	0.0	0.0	0.0	0.0
2.39	0.9870525785460798	295.0	295.0	0.0	0.0	0.0	0.0
2.4	0.9870317014723127	295.0	295.0	0.0	0.0	0.0	0.0
2.41	0.9870109677561086	295.0	295.0	0.0	0.0	0.0	0.0
2.42	0.9869903763960974	295.0	295.0	0.0	0.0	0.0	0.0
2.43	0.9869699263980959	295.0	295.0	0.0	0.0	0.0	0.0
2.44	0.9869496167750595	295.0	295.0	0.0	0.0	0.0	0.0
2.4499999999999997	0.9869294465470242	295.0	295.0	0.0	0.0	0.0	0.0
2.46	0.9869094147410564	295.0	295.0	0.0	0.0	0.0	0.0
2.4699999999999998	0.9868895203912001	295.0	295.0	0.0	0.0	0.0	0.0
2.48	0.9868697625384231	295.0	295.0	0.0	0.0	0.0	0.0
2.49	0.9868501402305663	295.0	295.0	0.0	0.0	0.0	0.0
2.5	0.9868306525222915	295.0	295.0	0.0	0.0	0.0	0.0
2.51	0.9868112984750326	295.0	295.0	0.0	0.0	0.0	0.0
2.5199999999999996	0.9867920771569413	295.0	295.0	0.0	0.0	0.0	0.0
2.53	0.9867729876428409	295.0	295.0	0.0	0.0	0.0	0.0
2.54	0.9867540290141731	295.0	295.0	0.0	0.0	0.0	0.0
2.55	0.9867352003589517	295.0	295.0	0.0	0.0	0.0	0.0
2.56	0.9867165007717108	295.0	295.0	0.0	0.0	0.0	0.0
2.57	0.9866979293534588	295.0	295.0	0.0	0.0	0.0	0.0
2.58	0.9866794852116273	295.0	295.0	0.0	0.0	0.0	0.0
2.59	0.9866611674600257	295.0	295.0	0.0	0.0	0.0	0.0
2.5999999999999996	0.9866429752187934	295.0	295.0	0.0	0.0	0.0	0.0
2.61	0.9866249076143521	295.0	295.0	0.0	0.0	0.0	0.0
2.62	0.9866069637793582	295.0	295.0	0.0	0.0	0.0	0.0
2.63	0.9865891428526586	295.0	295.0	0.0	0.0	0.0	0.0
2.64	0.9865714439792427	295.0	295.0	0.0	0.0	0.0	0.0
2.65	0.986553866310199	295.0	295.0	0.0	0.0	0.0	0.0
2.66	0.9865364090026668	295.0	295.0	0.0	0.0	0.0	0.0
2.67	0.986519071219795	295.0	295.0	0.0	0.0	0.0	0.0
2.6799999999999997	0.9865018521306944	295.0	295.0	0.0	0.0	0.0	0.0
2.69	0.9864847509103953	295.0	295.0	0.0	0.0	0.0	0.0
2.6999999999999997	0.986467766739803	295.0	295.0	0.0	0.0	0.0	0.0
2.71	0.9864508988056541	295.0	295.0	0.0	0.0	0.0	0.0
2.72	0.9864341463004737	295.0	295.0	0.0	0.0	0.0	0.0
2.73	0.9864175084225335	295.0	295.0	0.0	0.0	0.0	0.0
2.74	0.9864009843758078	295.0	295.0	0.0	0.0	0.0	0.0
2.75	0.9863845733699306	295.0	295.0	0.0	0.0	0.0	0.0
2.76	0.9863682746201581	295.0	295.0	0.0	0.0	0.0	0.0
2.77	0.9863520873473209	295.0	295.0	0.0	0.0	0.0	0.0
2.78	0.9863360107777889	295.0	295.0	0.0	0.0	0.0	0.0
2.79	0.9863200441434273	295.0	295.0	0.0	0.0	0.0	0.0
2.8	0.9863041866815547	295.0	295.0	0.0	0.0	0.0	0.0
2.81	0.9862884376349066	295.0	295.0	0.0	0.0	0.0	0.0
2.8200000000000003	0.9862727962515926	295.0	295.0	0.0	0.0	0.0	0.0
2.83	0.9862572617850602	295.0	295.0	0.0	0.0	0.0	0.0
2.84	0.9862418334940493	295.0	295.0	0.0	0.0	0.0	0.0
2.8499999999999996	0.9862265106425596	295.0	295.0	0.0	0.0	0.0	0.0
2.86	0.9862112924998097	295.0	295.0	0.0	0.0	0.0	0.0
2.87	0.9861961783401957	295.0	295.0	0.0	0.0	0.0	0.0
2.88	0.9861811674432616	295.0	295.0	0.0	0.0	0.0	0.0
2.89	0.9861662590936485	295.0	295.0	0.0	0.0	0.0	0.0
2.9	0.9861514525810704	295.0	295.0	0.0	0.0	0.0	0.0
2.9099999999999997	0.986136747200269	295.0	295.0	0.0	0.0	0.0	0.0
2.92	0.9861221422509782	295.0	295.0	0.0	0.0	0.0	0.0
2.9299999999999997	0.9861076370378893	295.0	295.0	0.0	0.0	0.0	0.0
2.94	0.9860932308706132	295.0	295.0	0.0	0.0	0.0	0.0
2.9499999999999997	0.9860789230636449	295.0	295.0	0.0	0.0	0.0	0.0
2.96	0.9860647129363267	295.0	295.0	0.0	0.0	0.0	0.0
2.97	0.9860505998128146	295.0	295.0	0.0	0.0	0.0	0.0
2.98	0.9860365830220424	295.0	295.0	0.0	0.0	0.0	0.0
2.9899999999999998	0.9860226618976847	295.0	295.0	0.0	0.0	0.0	0.0
2.9999999999999996	0.9860088357781257	295.0	295.0	0.0	0.0	0.0	0.0
3.01	0.9859951040064219	295.0	295.0	0.0	0.0	0.0	0.0
3.02	0.9859814659302698	295.0	295.0	0.0	0.0	0.0	0.0
3.03	0.9859679209019704	295.0	295.0	0.0	0.0	0.0	0.0
3.04	0.9859544682783975	295.0	295.0	0.0	0.0	0.0	0.0
3.0500000000000003	0.9859411074209632	295.0	295.0	0.0	0.0	0.0	0.0
3.06	0.9859278376955836	295.0	295.0	0.0	0.0	0.0	0.0
3.07	0.9859146584726483	295.0	295.0	0.0	0.0	0.0	0.0
3.0799999999999996	0.9859015691269878	295.0	295.0	0.0	0.0	0.0	0.0
3.09	0.985888569037839	295.0	295.0	0.0	0.0	0.0	0.0
3.1	0.9858756575888133	295.0	295.0	0.0	0.0	0.0	0.0
3.11	0.985862834167868	295.0	295.0	0.0	0.0	0.0	0.0
3.12	0.98585009816727	295.0	295.0	0.0	0.0	0.0	0.0
3.13	0.9858374489835677	295.0	295.0	0.0	0.0	0.0	0.0
3.14	0.9858248860175596	295.0	295.0	0.0	0.0	0.0	0.0
3.15	0.985812408674262	295.0	295.0	0.0	0.0	0.0	0.0
3.1599999999999997	0.9858000163628781	295.0	295.0	0.0	0.0	0.0	0.0
3.17	0.9857877084967714	295.0	295.0	0.0	0.0	0.0	0.0
3.1799999999999997	0.9857754844934298	295.0	295.0	0.0	0.0	0.0	0.0
3.19	0.985763343774441	295.0	295.0	0.0	0.0	0.0	0.0
3.2	0.9857512857654589	295.0	295.0	0.0	0.0	0.0	0.0
3.21	0.9857393098961748	295.0	295.0	0.0	0.0	0.0	0.0
3.22	0.98572741560029	295.0	295.0	0.0	0.0	0.0	0.0
3.23	0.9857156023154858	295.0	295.0	0.0	0.0	0.0	0.0
3.2399999999999998	0.985703869483394	295.0	295.0	0.0	0.0	0.0	0.0
3.25	0.985692216549568	295.0	295.0	0.0	0.0	0.0	0.0
3.26	0.9856806429634555	295.0	295.0	0.0	0.0	0.0	0.0
3.27	0.9856691481783715	295.0	295.0	0.0	0.0	0.0	0.0
3.28	0.9856577316514668	295.0	295.0	0.0	0.0	0.0	0.0
3.29	0.9856463928437029	295.0	295.0	0.0	0.0	0.0	0.0
3.3000000000000003	0.9856351312198227	295.0	295.0	0.0	0.0	0.0	0.0
3.3099999999999996	0.9856239462483258	295.0	295.0	0.0	0.0	0.0	0.0
3.32	0.9856128374014399	295.0	295.0	0.0	0.0	0.0	0.0
3.3299999999999996	0.985601804155092	295.0	295.0	0.0	0.0	0.0	0.0
3.34	0.9855908459888852	295.0	295.0	0.0	0.0	0.0	0.0
3.35	0.9855799623860694	295.0	295.0	0.0	0.0	0.0	0.0
3.36	0.9855691528335151	295.0	295.0	0.0	0.0	0.0	0.0
3.37	0.9855584168216903	295.0	295.0	0.0	0.0	0.0	0.0
3.38	0.9855477538446313	295.0	295.0	0.0	0.0	0.0	0.0
3.3899999999999997	0.9855371633999184	295.0	295.0	0.0	0.0	0.0	0.0
3.4	0.9855266449886498	295.0	295.0	0.0	0.0	0.0	0.0
3.4099999999999997	0.9855161981154162	295.0	295.0	0.0	0.0	0.0	0.0
3.42	0.985505822288277	295.0	295.0	0.0	0.0	0.0	0.0
3.43	0.9854955170187337	295.0	295.0	0.0	0.0	0.0	0.0
3.44	0.9854852818217051	295.0	295.0	0.0	0.0	0.0	0.0
3.45	0.9854751162155041	295.0	295.0	0.0	0.0	0.0	0.0
3.46	0.9854650197218121	295.0	295.0	0.0	0.0	0.0	0.0
3.4699999999999998	0.9854549918656573	295.0	295.0	0.0	0.0	0.0	0.0
3.48	0.9854450321753849	295.0	295.0	0.0	0.0	0.0	0.0
3.4899999999999998	0.9854351401826402	295.0	295.0	0.0	0.0	0.0	0.0
3.5	0.9854253154223396	295.0	295.0	0.0	0.0	0.0	0.0
3.51	0.9854155574326495	295.0	295.0	0.0	0.0	0.0	0.0
3.52	0.985405865754964	295.0	295.0	0.0	0.0	0.0	0.0
3.5300000000000002	0.9853962399338771	295.0	295.0	0.0	0.0	0.0	0.0
3.54	0.9853866795171665	295.0	295.0	0.0	0.0	0.0	0.0
3.55	0.985377184055767	295.0	295.0	0.0	0.0	0.0	0.0
3.5599999999999996	0.9853677531037462	295.0	295.0	0.0	0.0	0.0	0.0
3.57	0.9853583862182843	295.0	295.0	0.0	0.0	0.0	0.0
3.58	0.9853490829596531	295.0	295.0	0.0	0.0	0.0	0.0
3.59	0.9853398428911901	295.0	295.0	0.0	0.0	0.0	0.0
3.6	0.9853306655792812	295.0	295.0	0.0	0.0	0.0	0.0
3.61	0.9853215505933335	295.0	295.0	0.0	0.0	0.0	0.0
3.62	0.9853124975057592	295.0	295.0	0.0	0.0	0.0	0.0
3.63	0.9853035058919495	295.0	295.0	0.0	0.0	0.0	0.0
3.6399999999999997	0.985294575330255	295.0	295.0	0.0	0.0	0.0	0.0
3.65	0.9852857054019661	295.0	295.0	0.0	0.0	0.0	0.0
3.66	0.9852768956912907	295.0	295.0	0.0	0.0	0.0	0.0
3.6700000000000004	0.9852681457853326	295.0	295.0	0.0	0.0	0.0	0.0
3.6799999999999997	0.9852594552740721	295.0	295.0	0.0	0.0	0.0	0.0
3.69	0.9852508237503438	295.0	295.0	0.0	0.0	0.0	0.0
3.7	0.985242250809819	295.0	295.0	0.0	0.0	0.0	0.0
3.71	0.9852337360509823	295.0	295.0	0.0	0.0	0.0	0.0
3.72	0.9852252790751138	295.0	295.0	0.0	0.0	0.0	0.0
3.7299999999999995	0.9852168794862669	295.0	295.0	0.0	0.0	0.0	0.0
3.7399999999999998	0.9852085368912525	295.0	295.0	0.0	0.0	0.0	0.0
3.75	0.9852002508996147	295.0	295.0	0.0	0.0	0.0	0.0
3.7600000000000002	0.9851920211236141	295.0	295.0	0.0	0.0	0.0	0.0
3.7700000000000005	0.9851838471782078	295.0	295.0	0.0	0.0	0.0	0.0
3.78	0.9851757286810299	295.0	295.0	0.0	0.0	0.0	0.0
3.7899999999999996	0.9851676652523729	295.0	295.0	0.0	0.0	0.0	0.0
3.8	0.985159656515169	295.0	295.0	0.0	0.0	0.0	0.0
3.81	0.9851517020949705	295.0	295.0	0.0	0.0	0.0	0.0
3.8200000000000003	0.9851438016199306	295.0	295.0	0.0	0.0	0.0	0.0
3.8299999999999996	0.9851359547207879	295.0	295.0	0.0	0.0	0.0	0.0
3.84	0.9851281610308442	295.0	295.0	0.0	0.0	0.0	0.0
3.85	0.9851204201859485	295.0	295.0	0.0	0.0	0.0	0.0
3.8600000000000003	0.985112731824478	295.0	295.0	0.0	0.0	0.0	0.0
3.87	0.9851050955873221	295.0	295.0	0.0	0.0	0.0	0.0
3.8799999999999994	0.9850975111178617	295.0	295.0	0.0	0.0	0.0	0.0
3.8899999999999997	0.9850899780619529	295.0	295.0	0.0	0.0	0.0	0.0
3.9	0.9850824960679085	295.0	295.0	0.0	0.0	0.0	0.0
3.91	0.9850750647864848	295.0	295.0	0.0	0.0	0.0	0.0
3.9200000000000004	0.9850676838708563	295.0	295.0	0.0	0.0	0.0	0.0
3.9299999999999997	0.9850603529766059	295.0	295.0	0.0	0.0	0.0	0.0
3.94	0.9850530717617041	295.0	295.0	0.0	0.0	0.0	0.0
3.9499999999999997	0.9850458398864941	295.0	295.0	0.0	0.0	0.0	0.0
3.96	0.9850386570136722	295.0	295.0	0.0	0.0	0.0	0.0
3.97	0.985031522808274	295.0	295.0	0.0	0.0	0.0	0.0
3.9799999999999995	0.9850244369376554	295.0	295.0	0.0	0.0	0.0	0.0
3.9899999999999998	0.9850173990714784	295.0	295.0	0.0	0.0	0.0	0.0
4.0	0.985010408881695	295.0	295.0	0.0	0.0	0.0	0.0
4.01	0.9850034660425258	295.0	295.0	0.0	0.0	0.0	0.0
4.0200000000000005	0.9849965702304518	295.0	295.0	0.0	0.0	0.0	0.0
4.029999999999999	0.9849897211241928	295.0	295.0	0.0	0.0	0.0	0.0
4.04	0.984982918404693	295.0	295.0	0.0	0.0	0.0	0.0
4.05	0.9849761617551053	295.0	295.0	0.0	0.0	0.0	0.0
4.0600000000000005	0.9849694508607768	295.0	295.0	0.0	0.0	0.0	0.0
4.07	0.9849627854092321	295.0	295.0	0.0	0.0	0.0	0.0
4.079999999999999	0.9849561650901584	295.0	295.0	0.0	0.0	0.0	0.0
4.09	0.9849495895953891	295.0	295.0	0.0	0.0	0.0	0.0
4.1	0.9849430586188903	295.0	295.0	0.0	0.0	0.0	0.0
4.11	0.9849365718567452	295.0	295.0	0.0	0.0	0.0	0.0
4.12	0.9849301290071379	295.0	295.0	0.0	0.0	0.0	0.0
4.13	0.9849237297703402	295.0	295.0	0.0	0.0	0.0	0.0
4.14	0.9849173738486956	295.0	295.0	0.0	0.0	0.0	0.0
4.1499999999999995	0.9849110609466065	295.0	295.0	0.0	0.0	0.0	0.0
4.16	0.9849047907705173	295.0	295.0	0.0	0.0	0.0	0.0
4.17	0.9848985630289023	295.0	295.0	0.0	0.0	0.0	0.0
4.18	0.9848923774322492	295.0	295.0	0.0	0.0	0.0	0.0
4.1899999999999995	0.9848862336930476	295.0	295.0	0.0	0.0	0.0	0.0
4.2	0.984880131525771	295.0	295.0	0.0	0.0	0.0	0.0
4.21	0.9848740706468659	295.0	295.0	0.0	0.0	0.0	0.0
4.22	0.9848680507747384	295.0	295.0	0.0	0.0	0.0	0.0
4.2299999999999995	0.984862071629738	295.0	295.0	0.0	0.0	0.0	0.0
4.239999999999999	0.9848561329341453	295.0	295.0	0.0	0.0	0.0	0.0
4.25	0.9848502344121576	295.0	295.0	0.0	0.0	0.0	0.0
4.26	0.9848443757898762	295.0	295.0	0.0	0.0	0.0	0.0
4.2700000000000005	0.9848385567952925	295.0	295.0	0.0	0.0	0.0	0.0
4.279999999999999	0.9848327771582758	295.0	295.0	0.0	0.0	0.0	0.0
4.29	0.984827036610558	295.0	295.0	0.0	0.0	0.0	0.0
4.3	0.9848213348857231	295.0	295.0	0.0	0.0	0.0	0.0
4.31	0.9848156717191909	295.0	295.0	0.0	0.0	0.0	0.0
4.32	0.9848100468482087	295.0	295.0	0.0	0.0	0.0	0.0
4.329999999999999	0.9848044600118332	295.0	295.0	0.0	0.0	0.0	0.0
4.34	0.98479891095092	295.0	295.0	0.0	0.0	0.0	0.0
4.35	0.9847933994081131	295.0	295.0	0.0	0.0	0.0	0.0
4.36	0.9847879251278318	295.0	295.0	0.0	0.0	0.0	0.0
4.37	0.9847824878562534	295.0	295.0	0.0	0.0	0.0	0.0
4.38	0.9847770873413064	295.0	295.0	0.0	0.0	0.0	0.0
4.39	0.984771723332657	295.0	295.0	0.0	0.0	0.0	0.0
4.3999999999999995	0.9847663955816923	295.0	295.0	0.0	0.0	0.0	0.0
4.41	0.9847611038415167	295.0	295.0	0.0	0.0	0.0	0.0
4.42	0.9847558478669335	295.0	295.0	0.0	0.0	0.0	0.0
4.430000000000001	0.9847506274144334	295.0	295.0	0.0	0.0	0.0	0.0
4.4399999999999995	0.9847454422421863	295.0	295.0	0.0	0.0	0.0	0.0
4.45	0.9847402921100251	295.0	295.0	0.0	0.0	0.0	0.0
4.46	0.9847351767794361	295.0	295.0	0.0	0.0	0.0	0.0
4.47	0.9847300960135503	295.0	295.0	0.0	0.0	0.0	0.0
4.48	0.9847250495771265	295.0	295.0	0.0	0.0	0.0	0.0
4.489999999999999	0.9847200372365409	295.0	295.0	0.0	0.0	0.0	0.0
4.5	0.9847150587597812	295.0	295.0	0.0	0.0	0.0	0.0
4.51	0.9847101139164289	295.0	295.0	0.0	0.0	0.0	0.0
4.5200000000000005	0.9847052024776517	295.0	295.0	0.0	0.0	0.0	0.0
4.53	0.9847003242161908	295.0	295.0	0.0	0.0	0.0	0.0
4.54	0.9846954789063495	295.0	295.0	0.0	0.0	0.0	0.0
4.55	0.9846906663239859	295.0	295.0	0.0	0.0	0.0	0.0
4.56	0.9846858862464957	295.0	295.0	0.0	0.0	0.0	0.0
4.57	0.9846811384528082	295.0	295.0	0.0	0.0	0.0	0.0
4.58	0.9846764227233714	295.0	295.0	0.0	0.0	0.0	0.0
4.59	0.9846717388401417	295.0	295.0	0.0	0.0	0.0	0.0
4.6	0.984667086586575	295.0	295.0	0.0	0.0	0.0	0.0
4.61	0.9846624657476148	295.0	295.0	0.0	0.0	0.0	0.0
4.62	0.9846578761096828	295.0	295.0	0.0	0.0	0.0	0.0
4.63	0.9846533174606663	295.0	295.0	0.0	0.0	0.0	0.0
4.64	0.9846487895899126	295.0	295.0	0.0	0.0	0.0	0.0
4.6499999999999995	0.9846442922882146	295.0	295.0	0.0	0.0	0.0	0.0
4.66	0.984639825347801	295.0	295.0	0.0	0.0	0.0	0.0
4.67	0.9846353885623298	295.0	295.0	0.0	0.0	0.0	0.0
4.680000000000001	0.9846309817268724	295.0	295.0	0.0	0.0	0.0	0.0
4.6899999999999995	0.9846266046379102	295.0	295.0	0.0	0.0	0.0	0.0
4.7	0.9846222570933209	295.0	295.0	0.0	0.0	0.0	0.0
4.71	0.9846179388923693	295.0	295.0	0.0	0.0	0.0	0.0
4.72	0.9846136498356982	295.0	295.0	0.0	0.0	0.0	0.0
4.73	0.9846093897253181	295.0	295.0	0.0	0.0	0.0	0.0
4.739999999999999	0.9846051583645986	295.0	295.0	0.0	0.0	0.0	0.0
4.75	0.984600955558258	295.0	295.0	0.0	0.0	0.0	0.0
4.76	0.9845967811123555	295.0	295.0	0.0	0.0	0.0	0.0
4.7700000000000005	0.984592634834279	295.0	295.0	0.0	0.0	0.0	0.0
4.78	0.984588516532738	295.0	295.0	0.0	0.0	0.0	0.0
4.789999999999999	0.984584426017754	295.0	295.0	0.0	0.0	0.0	0.0
4.8	0.9845803631006518	295.0	295.0	0.0	0.0	0.0	0.0
4.81	0.9845763275940496	295.0	295.0	0.0	0.0	0.0	0.0
4.82	0.9845723193118505	295.0	295.0	0.0	0.0	0.0	0.0
4.83	0.984568338069232	295.0	295.0	0.0	0.0	0.0	0.0
4.84	0.9845643836826411	295.0	295.0	0.0	0.0	0.0	0.0
4.85	0.9845604559697801	295.0	295.0	0.0	0.0	0.0	0.0
4.86	0.9845565547496017	295.0	295.0	0.0	0.0	0.0	0.0
4.87	0.9845526798423002	295.0	295.0	0.0	0.0	0.0	0.0
4.88	0.984548831069301	295.0	295.0	0.0	0.0	0.0	0.0
4.89	0.9845450082532515	295.0	295.0	0.0	0.0	0.0	0.0
4.8999999999999995	0.9845412112180169	295.0	295.0	0.0	0.0	0.0	0.0
4.91	0.9845374397886675	295.0	295.0	0.0	0.0	0.0	0.0
4.92	0.9845336937914706	295.0	295.0	0.0	0.0	0.0	0.0
4.930000000000001	0.9845299730538842	295.0	295.0	0.0	0.0	0.0	0.0
4.9399999999999995	0.9845262774045487	295.0	295.0	0.0	0.0	0.0	0.0
4.949999999999999	0.9845226066732755	295.0	295.0	0.0	0.0	0.0	0.0
4.96	0.9845189606910439	295.0	295.0	0.0	0.0	0.0	0.0
4.97	0.9845153392899885	295.0	295.0	0.0	0.0	0.0	0.0
4.98	0.9845117423033924	295.0	295.0	0.0	0.0	0.0	0.0
4.989999999999999	0.9845081695656825	295.0	295.0	0.0	0.0	0.0	0.0
5.0	0.9845046209124153	295.0	295.0	0.0	0.0	0.0	0.0
5.01	0.9845010961802734	295.0	295.0	0.0	0.0	0.0	0.0
5.02	0.9844975952070599	295.0	295.0	0.0	0.0	0.0	0.0
5.03	0.9844941178316826	295.0	295.0	0.0	0.0	0.0	0.0
5.039999999999999	0.9844906638941562	295.0	295.0	0.0	0.0	0.0	0.0
5.05	0.9844872332355865	295.0	295.0	0.0	0.0	0.0	0.0
5.06	0.9844838256981658	295.0	295.0	0.0	0.0	0.0	0.0
5.07	0.9844804411251671	295.0	295.0	0.0	0.0	0.0	0.0
5.08	0.9844770793609369	295.0	295.0	0.0	0.0	0.0	0.0
5.09	0.9844737402508826	295.0	295.0	0.0	0.0	0.0	0.0
5.1	0.9844704236414691	295.0	295.0	0.0	0.0	0.0	0.0
5.109999999999999	0.984467129380212	295.0	295.0	0.0	0.0	0.0	0.0
5.12	0.98446385731567	295.0	295.0	0.0	0.0	0.0	0.0
5.13	0.9844606072974341	295.0	295.0	0.0	0.0	0.0	0.0
5.14	0.9844573791761261	295.0	295.0	0.0	0.0	0.0	0.0
5.1499999999999995	0.9844541728033871	295.0	295.0	0.0	0.0	0.0	0.0
5.16	0.9844509880318714	295.0	295.0	0.0	0.0	0.0	0.0
5.17	0.9844478247152417	295.0	295.0	0.0	0.0	0.0	0.0
5.18	0.9844446827081598	295.0	295.0	0.0	0.0	0.0	0.0
5.1899999999999995	0.9844415618662794	295.0	295.0	0.0	0.0	0.0	0.0
5.199999999999999	0.9844384620462411	295.0	295.0	0.0	0.0	0.0	0.0
5.21	0.9844353831056647	295.0	295.0	0.0	0.0	0.0	0.0
5.22	0.9844323249031425	295.0	295.0	0.0	0.0	0.0	0.0
5.23	0.9844292872982314	295.0	295.0	0.0	0.0	0.0	0.0
5.24	0.9844262701514485	295.0	295.0	0.0	0.0	0.0	0.0
5.25	0.9844232733242619	295.0	295.0	0.0	0.0	0.0	0.0
5.26	0.9844202966790859	295.0	295.0	0.0	0.0	0.0	0.0
5.27	0.984417340079275	295.0	295.0	0.0	0.0	0.0	0.0
5.28	0.9844144033891163	295.0	295.0	0.0	0.0	0.0	0.0
5.29	0.9844114864738213	295.0	295.0	0.0	0.0	0.0	0.0
5.3	0.9844085891995237	295.0	295.0	0.0	0.0	0.0	0.0
5.31	0.9844057114332696	295.0	295.0	0.0	0.0	0.0	0.0
5.32	0.9844028530430112	295.0	295.0	0.0	0.0	0.0	0.0
5.33	0.984400013897605	295.0	295.0	0.0	0.0	0.0	0.0
5.34	0.9843971938667977	295.0	295.0	0.0	0.0	0.0	0.0
5.35	0.9843943928212283	295.0	295.0	0.0	0.0	0.0	0.0
5.359999999999999	0.9843916106324159	295.0	295.0	0.0	0.0	0.0	0.0
5.37	0.9843888471727563	295.0	295.0	0.0	0.0	0.0	0.0
5.38	0.9843861023155164	295.0	295.0	0.0	0.0	0.0	0.0
5.390000000000001	0.9843833759348273	295.0	295.0	0.0	0.0	0.0	0.0
5.3999999999999995	0.9843806679056776	295.0	295.0	0.0	0.0	0.0	0.0
5.41	0.9843779781039088	295.0	295.0	0.0	0.0	0.0	0.0
5.42	0.9843753064062086	295.0	295.0	0.0	0.0	0.0	0.0
5.43	0.9843726526901053	295.0	295.0	0.0	0.0	0.0	0.0
5.44	0.9843700168339626	295.0	295.0	0.0	0.0	0.0	0.0
5.449999999999999	0.9843673987169723	295.0	295.0	0.0	0.0	0.0	0.0
5.46	0.9843647982191507	295.0	295.0	0.0	0.0	0.0	0.0
5.47	0.9843622152213308	295.0	295.0	0.0	0.0	0.0	0.0
5.48	0.9843596496051578	295.0	295.0	0.0	0.0	0.0	0.0
5.49	0.9843571012530846	295.0	295.0	0.0	0.0	0.0	0.0
5.5	0.9843545700483629	295.0	295.0	0.0	0.0	0.0	0.0
5.51	0.9843520558750408	295.0	295.0	0.0	0.0	0.0	0.0
5.52	0.9843495586179569	295.0	295.0	0.0	0.0	0.0	0.0
5.53	0.9843470781627336	295.0	295.0	0.0	0.0	0.0	0.0
5.54	0.9843446143957728	295.0	295.0	0.0	0.0	0.0	0.0
5.55	0.9843421672042489	295.0	295.0	0.0	0.0	0.0	0.0
5.56	0.9843397364761055	295.0	295.0	0.0	0.0	0.0	0.0
5.57	0.984337322100049	295.0	295.0	0.0	0.0	0.0	0.0
5.58	0.9843349239655447	295.0	295.0	0.0	0.0	0.0	0.0
5.59	0.9843325419628092	295.0	295.0	0.0	0.0	0.0	0.0
5.6	0.9843301759828064	295.0	295.0	0.0	0.0	0.0	0.0
5.609999999999999	0.9843278259172439	295.0	295.0	0.0	0.0	0.0	0.0
5.62	0.9843254916585648	295.0	295.0	0.0	0.0	0.0	0.0
5.63	0.9843231730999458	295.0	295.0	0.0	0.0	0.0	0.0
5.640000000000001	0.9843208701352867	295.0	295.0	0.0	0.0	0.0	0.0
5.6499999999999995	0.9843185826592156	295.0	295.0	0.0	0.0	0.0	0.0
5.66	0.9843163105670744	295.0	295.0	0.0	0.0	0.0	0.0
5.67	0.9843140537549159	295.0	295.0	0.0	0.0	0.0	0.0
5.68	0.9843118121195022	295.0	295.0	0.0	0.0	0.0	0.0
5.69	0.9843095855582972	295.0	295.0	0.0	0.0	0.0	0.0
5.699999999999999	0.9843073739694616	295.0	295.0	0.0	0.0	0.0	0.0
5.71	0.9843051772518495	295.0	295.0	0.0	0.0	0.0	0.0
5.72	0.9843029953050033	295.0	295.0	0.0	0.0	0.0	0.0
5.73	0.9843008280291492	295.0	295.0	0.0	0.0	0.0	0.0
5.74	0.9842986753251893	295.0	295.0	0.0	0.0	0.0	0.0
5.749999999999999	0.9842965370947019	295.0	295.0	0.0	0.0	0.0	0.0
5.76	0.9842944132399339	295.0	295.0	0.0	0.0	0.0	0.0
5.77	0.9842923036637969	295.0	295.0	0.0	0.0	0.0	0.0
5.78	0.9842902082698638	295.0	295.0	0.0	0.0	0.0	0.0
5.79	0.9842881269623606	295.0	295.0	0.0	0.0	0.0	0.0
5.8	0.9842860596461669	295.0	295.0	0.0	0.0	0.0	0.0
5.81	0.9842840062268071	295.0	295.0	0.0	0.0	0.0	0.0
5.819999999999999	0.9842819666104489	295.0	295.0	0.0	0.0	0.0	0.0
5.83	0.9842799407038965	295.0	295.0	0.0	0.0	0.0	0.0
5.84	0.9842779284145893	295.0	295.0	0.0	0.0	0.0	0.0
5.85	0.9842759296505937	295.0	295.0	0.0	0.0	0.0	0.0
5.859999999999999	0.9842739443206022	295.0	295.0	0.0	0.0	0.0	0.0
5.87	0.9842719723339269	295.0	295.0	0.0	0.0	0.0	0.0
5.88	0.9842700136004969	295.0	295.0	0.0	0.0	0.0	0.0
5.890000000000001	0.9842680680308522	295.0	295.0	0.0	0.0	0.0	0.0
5.8999999999999995	0.9842661355361408	295.0	295.0	0.0	0.0	0.0	0.0
5.909999999999999	0.9842642160281155	295.0	295.0	0.0	0.0	0.0	0.0
5.92	0.9842623094191275	295.0	295.0	0.0	0.0	0.0	0.0
5.93	0.9842604156221226	295.0	295.0	0.0	0.0	0.0	0.0
5.94	0.9842585345506397	295.0	295.0	0.0	0.0	0.0	0.0
5.949999999999999	0.9842566661188029	295.0	295.0	0.0	0.0	0.0	0.0
5.96	0.98425481024132	295.0	295.0	0.0	0.0	0.0	0.0
5.97	0.9842529668334791	295.0	295.0	0.0	0.0	0.0	0.0
5.9799999999999995	0.9842511358111425	295.0	295.0	0.0	0.0	0.0	0.0
5.99	0.9842493170907443	295.0	295.0	0.0	0.0	0.0	0.0
5.999999999999999	0.9842475105892844	295.0	295.0	0.0	0.0	0.0	0.0
6.01	0.984245716224328	295.0	295.0	0.0	0.0	0.0	0.0
6.02	0.9842439339139993	295.0	295.0	0.0	0.0	0.0	0.0
6.03	0.984242163576978	295.0	295.0	0.0	0.0	0.0	0.0
6.04	0.9842404051324956	295.0	295.0	0.0	0.0	0.0	0.0
6.050000000000001	0.9842386585003325	295.0	295.0	0.0	0.0	0.0	0.0
6.06	0.9842369236008122	295.0	295.0	0.0	0.0	0.0	0.0
6.069999999999999	0.9842352003547994	295.0	295.0	0.0	0.0	0.0	0.0
6.08	0.9842334886836972	295.0	295.0	0.0	0.0	0.0	0.0
6.09	0.9842317885094403	295.0	295.0	0.0	0.0	0.0	0.0
6.1000000000000005	0.9842300997544933	295.0	295.0	0.0	0.0	0.0	0.0
6.109999999999999	0.9842284223418473	295.0	295.0	0.0	0.0	0.0	0.0
6.12	0.9842267561950158	295.0	295.0	0.0	0.0	0.0	0.0
6.13	0.9842251012380299	295.0	295.0	0.0	0.0	0.0	0.0
6.14	0.9842234573954385	295.0	295.0	0.0	0.0	0.0	0.0
6.15	0.9842218245922998	295.0	295.0	0.0	0.0	0.0	0.0
6.159999999999999	0.9842202027541814	295.0	295.0	0.0	0.0	0.0	0.0
6.17	0.9842185918071557	295.0	295.0	0.0	0.0	0.0	0.0
6.18	0.9842169916777955	295.0	295.0	0.0	0.0	0.0	0.0
6.19	0.984215402293174	295.0	295.0	0.0	0.0	0.0	0.0
6.2	0.9842138235808553	295.0	295.0	0.0	0.0	0.0	0.0
6.21	0.9842122554688968	295.0	295.0	0.0	0.0	0.0	0.0
6.22	0.9842106978858439	295.0	295.0	0.0	0.0	0.0	0.0
6.2299999999999995	0.9842091507607251	295.0	295.0	0.0	0.0	0.0	0.0
6.24	0.9842076140230513	295.0	295.0	0.0	0.0	0.0	0.0
6.25	0.9842060876028101	295.0	295.0	0.0	0.0	0.0	0.0
6.26	0.9842045714304647	295.0	295.0	0.0	0.0	0.0	0.0
6.27	0.9842030654369479	295.0	295.0	0.0	0.0	0.0	0.0
6.28	0.9842015695536637	295.0	295.0	0.0	0.0	0.0	0.0
6.29	0.984200083712477	295.0	295.0	0.0	0.0	0.0	0.0
6.3	0.984198607845718	295.0	295.0	0.0	0.0	0.0	0.0
6.31	0.9841971418861729	295.0	295.0	0.0	0.0	0.0	0.0
6.319999999999999	0.9841956857670847	295.0	295.0	0.0	0.0	0.0	0.0
6.33	0.9841942394221483	295.0	295.0	0.0	0.0	0.0	0.0
6.34	0.9841928027855082	295.0	295.0	0.0	0.0	0.0	0.0
6.3500000000000005	0.984191375791754	295.0	295.0	0.0	0.0	0.0	0.0
6.359999999999999	0.9841899583759193	295.0	295.0	0.0	0.0	0.0	0.0
6.37	0.9841885504734779	295.0	295.0	0.0	0.0	0.0	0.0
6.38	0.984187152020339	295.0	295.0	0.0	0.0	0.0	0.0
6.39	0.984185762952848	295.0	295.0	0.0	0.0	0.0	0.0
6.4	0.9841843832077813	295.0	295.0	0.0	0.0	0.0	0.0
6.409999999999999	0.9841830127223423	295.0	295.0	0.0	0.0	0.0	0.0
6.42	0.9841816514341595	295.0	295.0	0.0	0.0	0.0	0.0
6.43	0.9841802992812853	295.0	295.0	0.0	0.0	0.0	0.0
6.44	0.9841789562021904	295.0	295.0	0.0	0.0	0.0	0.0
6.45	0.9841776221357629	295.0	295.0	0.0	0.0	0.0	0.0
6.46	0.9841762970213027	295.0	295.0	0.0	0.0	0.0	0.0
6.47	0.9841749807985236	295.0	295.0	0.0	0.0	0.0	0.0
6.4799999999999995	0.9841736734075455	295.0	295.0	0.0	0.0	0.0	0.0
6.49	0.9841723747888934	295.0	295.0	0.0	0.0	0.0	0.0
6.5	0.984171084883497	295.0	295.0	0.0	0.0	0.0	0.0
6.51	0.9841698036326834	295.0	295.0	0.0	0.0	0.0	0.0
6.52	0.984168530978178	295.0	295.0	0.0	0.0	0.0	0.0
6.53	0.9841672668621011	295.0	295.0	0.0	0.0	0.0	0.0
6.54	0.9841660112269638	295.0	295.0	0.0	0.0	0.0	0.0
6.55	0.9841647640156657	295.0	295.0	0.0	0.0	0.0	0.0
6.56	0.9841635251714949	295.0	295.0	0.0	0.0	0.0	0.0
6.569999999999999	0.9841622946381217	295.0	295.0	0.0	0.0	0.0	0.0
6.58	0.9841610723595975	295.0	295.0	0.0	0.0	0.0	0.0
6.59	0.9841598582803521	295.0	295.0	0.0	0.0	0.0	0.0
6.6000000000000005	0.9841586523451928	295.0	295.0	0.0	0.0	0.0	0.0
6.609999999999999	0.9841574544992989	295.0	295.0	0.0	0.0	0.0	0.0
6.619999999999999	0.9841562646882209	295.0	295.0	0.0	0.0	0.0	0.0
6.63	0.9841550828578777	295.0	295.0	0.0	0.0	0.0	0.0
6.64	0.9841539089545528	295.0	295.0	0.0	0.0	0.0	0.0
6.65	0.9841527429248956	295.0	295.0	0.0	0.0	0.0	0.0
6.659999999999999	0.9841515847159146	295.0	295.0	0.0	0.0	0.0	0.0
6.67	0.9841504342749764	295.0	295.0	0.0	0.0	0.0	0.0
6.68	0.9841492915498037	295.0	295.0	0.0	0.0	0.0	0.0
6.69	0.9841481564884746	295.0	295.0	0.0	0.0	0.0	0.0
6.7	0.9841470290394154	295.0	295.0	0.0	0.0	0.0	0.0
6.709999999999999	0.9841459091514035	295.0	295.0	0.0	0.0	0.0	0.0
6.72	0.9841447967735609	295.0	295.0	0.0	0.0	0.0	0.0
6.7299999999999995	0.9841436918553554	295.0	295.0	0.0	0.0	0.0	0.0
6.74	0.9841425943465952	295.0	295.0	0.0	0.0	0.0	0.0
6.75	0.9841415041974277	295.0	295.0	0.0	0.0	0.0	0.0
6.76	0.9841404213583376	295.0	295.0	0.0	0.0	0.0	0.0
6.77	0.984139345780145	295.0	295.0	0.0	0.0	0.0	0.0
6.779999999999999	0.9841382774140007	295.0	295.0	0.0	0.0	0.0	0.0
6.79	0.9841372162113883	295.0	295.0	0.0	0.0	0.0	0.0
6.8	0.9841361621241163	295.0	295.0	0.0	0.0	0.0	0.0
6.81	0.9841351151043214	295.0	295.0	0.0	0.0	0.0	0.0
6.819999999999999	0.9841340751044632	295.0	295.0	0.0	0.0	0.0	0.0
6.83	0.9841330420773219	295.0	295.0	0.0	0.0	0.0	0.0
6.84	0.9841320159759963	295.0	295.0	0.0	0.0	0.0	0.0
6.8500000000000005	0.9841309967539026	295.0	295.0	0.0	0.0	0.0	0.0
6.86	0.9841299843647733	295.0	295.0	0.0	0.0	0.0	0.0
6.869999999999999	0.984128978762652	295.0	295.0	0.0	0.0	0.0	0.0
6.88	0.9841279799018928	295.0	295.0	0.0	0.0	0.0	0.0
6.89	0.9841269877371588	295.0	295.0	0.0	0.0	0.0	0.0
6.9	0.9841260022234187	295.0	295.0	0.0	0.0	0.0	0.0
6.91	0.9841250233159468	295.0	295.0	0.0	0.0	0.0	0.0
6.92	0.984124050970317	295.0	295.0	0.0	0.0	0.0	0.0
6.93	0.9841230851424044	295.0	295.0	0.0	0.0	0.0	0.0
6.9399999999999995	0.9841221257883843	295.0	295.0	0.0	0.0	0.0	0.0
6.95	0.9841211728647254	295.0	295.0	0.0	0.0	0.0	0.0
6.96	0.9841202263281904	295.0	295.0	0.0	0.0	0.0	0.0
6.97	0.9841192861358373	295.0	295.0	0.0	0.0	0.0	0.0
6.9799999999999995	0.9841183522450089	295.0	295.0	0.0	0.0	0.0	0.0
6.99	0.9841174246133395	295.0	295.0	0.0	0.0	0.0	0.0
7.0	0.9841165031987489	295.0	295.0	0.0	0.0	0.0	0.0
7.01	0.984115587959441	295.0	295.0	0.0	0.0	0.0	0.0
7.02	0.9841146788539027	295.0	295.0	0.0	0.0	0.0	0.0
7.029999999999999	0.9841137758408994	295.0	295.0	0.0	0.0	0.0	0.0
7.04	0.9841128788794766	295.0	295.0	0.0	0.0	0.0	0.0
7.05	0.9841119879289553	295.0	295.0	0.0	0.0	0.0	0.0
7.0600000000000005	0.9841111029489295	295.0	295.0	0.0	0.0	0.0	0.0
7.069999999999999	0.9841102238992705	295.0	295.0	0.0	0.0	0.0	0.0
7.08	0.9841093507401161	295.0	295.0	0.0	0.0	0.0	0.0
7.09	0.9841084834318753	295.0	295.0	0.0	0.0	0.0	0.0
7.1	0.984107621935224	295.0	295.0	0.0	0.0	0.0	0.0
7.11	0.9841067662111042	295.0	295.0	0.0	0.0	0.0	0.0
7.119999999999999	0.9841059162207195	295.0	295.0	0.0	0.0	0.0	0.0
7.13	0.9841050719255365	295.0	295.0	0.0	0.0	0.0	0.0
7.14	0.9841042332872828	295.0	295.0	0.0	0.0	0.0	0.0
7.15	0.984103400267943	295.0	295.0	0.0	0.0	0.0	0.0
7.16	0.9841025728297579	295.0	295.0	0.0	0.0	0.0	0.0
7.17	0.9841017509352248	295.0	295.0	0.0	0.0	0.0	0.0
7.18	0.9841009345470931	295.0	295.0	0.0	0.0	0.0	0.0
7.1899999999999995	0.984100123628363	295.0	295.0	0.0	0.0	0.0	0.0
7.2	0.9840993181422847	295.0	295.0	0.0	0.0	0.0	0.0
7.21	0.9840985180523567	295.0	295.0	0.0	0.0	0.0	0.0
7.22	0.984097723322324	295.0	295.0	0.0	0.0	0.0	0.0
7.2299999999999995	0.9840969339161757	295.0	295.0	0.0	0.0	0.0	0.0
7.24	0.9840961497981427	295.0	295.0	0.0	0.0	0.0	0.0
7.25	0.9840953709326992	295.0	295.0	0.0	0.0	0.0	0.0
7.26	0.9840945972845584	295.0	295.0	0.0	0.0	0.0	0.0
7.27	0.984093828818671	295.0	295.0	0.0	0.0	0.0	0.0
7.279999999999999	0.9840930655002242	295.0	295.0	0.0	0.0	0.0	0.0
7.29	0.9840923072946397	295.0	295.0	0.0	0.0	0.0	0.0
7.3	0.9840915541675738	295.0	295.0	0.0	0.0	0.0	0.0
7.3100000000000005	0.9840908060849132	295.0	295.0	0.0	0.0	0.0	0.0
7.32	0.9840900630127751	295.0	295.0	0.0	0.0	0.0	0.0
7.33	0.9840893249175049	295.0	295.0	0.0	0.0	0.0	0.0
7.340000000000001	0.984088591765675	295.0	295.0	0.0	0.0	0.0	0.0
7.349999999999999	0.9840878635240827	295.0	295.0	0.0	0.0	0.0	0.0
7.359999999999999	0.9840871401597507	295.0	295.0	0.0	0.0	0.0	0.0
7.369999999999999	0.984086421639922	295.0	295.0	0.0	0.0	0.0	0.0
7.38	0.9840857079320628	295.0	295.0	0.0	0.0	0.0	0.0
7.39	0.9840849990038568	295.0	295.0	0.0	0.0	0.0	0.0
7.4	0.9840842948232064	295.0	295.0	0.0	0.0	0.0	0.0
7.41	0.9840835953582301	295.0	295.0	0.0	0.0	0.0	0.0
7.42	0.9840829005772608	295.0	295.0	0.0	0.0	0.0	0.0
7.430000000000001	0.9840822104488458	295.0	295.0	0.0	0.0	0.0	0.0
7.44	0.9840815249417441	295.0	295.0	0.0	0.0	0.0	0.0
7.449999999999999	0.9840808440249255	295.0	295.0	0.0	0.0	0.0	0.0
7.459999999999999	0.9840801676675681	295.0	295.0	0.0	0.0	0.0	0.0
7.47	0.9840794958390587	295.0	295.0	0.0	0.0	0.0	0.0
7.4799999999999995	0.9840788285089899	295.0	295.0	0.0	0.0	0.0	0.0
7.49	0.9840781656471584	295.0	295.0	0.0	0.0	0.0	0.0
7.5	0.9840775072235671	295.0	295.0	0.0	0.0	0.0	0.0
7.51	0.984076853208418	295.0	295.0	0.0	0.0	0.0	0.0
7.5200000000000005	0.9840762035721159	295.0	295.0	0.0	0.0	0.0	0.0
7.53	0.9840755582852638	295.0	295.0	0.0	0.0	0.0	0.0
7.540000000000001	0.9840749173186649	295.0	295.0	0.0	0.0	0.0	0.0
7.549999999999999	0.9840742806433156	295.0	295.0	0.0	0.0	0.0	0.0
7.56	0.9840736482304107	295.0	295.0	0.0	0.0	0.0	0.0
7.569999999999999	0.9840730200513381	295.0	295.0	0.0	0.0	0.0	0.0
7.579999999999999	0.984072396077678	295.0	295.0	0.0	0.0	0.0	0.0
7.59	0.9840717762812018	295.0	295.0	0.0	0.0	0.0	0.0
7.6	0.9840711606338739	295.0	295.0	0.0	0.0	0.0	0.0
7.61	0.9840705491078438	295.0	295.0	0.0	0.0	0.0	0.0
7.62	0.9840699416754505	295.0	295.0	0.0	0.0	0.0	0.0
7.630000000000001	0.9840693383092189	295.0	295.0	0.0	0.0	0.0	0.0
7.640000000000001	0.984068738981859	295.0	295.0	0.0	0.0	0.0	0.0
7.6499999999999995	0.9840681436662654	295.0	295.0	0.0	0.0	0.0	0.0
7.659999999999999	0.9840675523355141	295.0	295.0	0.0	0.0	0.0	0.0
7.669999999999999	0.9840669649628627	295.0	295.0	0.0	0.0	0.0	0.0
7.68	0.9840663815217501	295.0	295.0	0.0	0.0	0.0	0.0
7.6899999999999995	0.9840658019857926	295.0	295.0	0.0	0.0	0.0	0.0
7.7	0.9840652263287846	295.0	295.0	0.0	0.0	0.0	0.0
7.71	0.9840646545246958	295.0	295.0	0.0	0.0	0.0	0.0
7.720000000000001	0.9840640865476747	295.0	295.0	0.0	0.0	0.0	0.0
7.73	0.9840635223720403	295.0	295.0	0.0	0.0	0.0	0.0
7.74	0.9840629619722863	295.0	295.0	0.0	0.0	0.0	0.0
7.749999999999999	0.9840624053230774	295.0	295.0	0.0	0.0	0.0	0.0
7.759999999999999	0.9840618523992495	295.0	295.0	0.0	0.0	0.0	0.0
7.77	0.9840613031758068	295.0	295.0	0.0	0.0	0.0	0.0
7.779999999999999	0.984060757627923	295.0	295.0	0.0	0.0	0.0	0.0
7.79	0.984060215730938	295.0	295.0	0.0	0.0	0.0	0.0
7.8	0.984059677460359	295.0	295.0	0.0	0.0	0.0	0.0
7.81	0.9840591427918575	295.0	295.0	0.0	0.0	0.0	0.0
7.82	0.984058611701268	295.0	295.0	0.0	0.0	0.0	0.0
7.83	0.9840580841645884	295.0	295.0	0.0	0.0	0.0	0.0
7.840000000000001	0.9840575601579781	295.0	295.0	0.0	0.0	0.0	0.0
7.849999999999999	0.9840570396577561	295.0	295.0	0.0	0.0	0.0	0.0
7.859999999999999	0.9840565226404028	295.0	295.0	0.0	0.0	0.0	0.0
7.869999999999999	0.9840560090825554	295.0	295.0	0.0	0.0	0.0	0.0
7.88	0.9840554989610076	295.0	295.0	0.0	0.0	0.0	0.0
7.89	0.9840549922527118	295.0	295.0	0.0	0.0	0.0	0.0
7.8999999999999995	0.9840544889347721	295.0	295.0	0.0	0.0	0.0	0.0
7.91	0.9840539889844495	295.0	295.0	0.0	0.0	0.0	0.0
7.92	0.9840534923791577	295.0	295.0	0.0	0.0	0.0	0.0
7.930000000000001	0.984052999096461	295.0	295.0	0.0	0.0	0.0	0.0
7.94	0.9840525091140758	295.0	295.0	0.0	0.0	0.0	0.0
7.949999999999999	0.9840520224098684	295.0	295.0	0.0	0.0	0.0	0.0
7.959999999999999	0.9840515389618532	295.0	295.0	0.0	0.0	0.0	0.0
7.97	0.9840510587481931	295.0	295.0	0.0	0.0	0.0	0.0
7.9799999999999995	0.9840505817471982	295.0	295.0	0.0	0.0	0.0	0.0
7.989999999999999	0.9840501079373236	295.0	295.0	0.0	0.0	0.0	0.0
8.0	0.9840496372971707	295.0	295.0	0.0	0.0	0.0	0.0
8.01	0.9840491698054833	295.0	295.0	0.0	0.0	0.0	0.0
8.02	0.9840487054411496	295.0	295.0	0.0	0.0	0.0	0.0
8.030000000000001	0.9840482441831991	295.0	295.0	0.0	0.0	0.0	0.0
8.040000000000001	0.9840477860108024	295.0	295.0	0.0	0.0	0.0	0.0
8.05	0.9840473309032702	295.0	295.0	0.0	0.0	0.0	0.0
8.059999999999999	0.9840468788400527	295.0	295.0	0.0	0.0	0.0	0.0
8.069999999999999	0.9840464298007384	295.0	295.0	0.0	0.0	0.0	0.0
8.08	0.9840459837650525	295.0	295.0	0.0	0.0	0.0	0.0
8.09	0.9840455407128562	295.0	295.0	0.0	0.0	0.0	0.0
8.1	0.9840451006241475	295.0	295.0	0.0	0.0	0.0	0.0
8.11	0.9840446634790574	295.0	295.0	0.0	0.0	0.0	0.0
8.120000000000001	0.9840442292578528	295.0	295.0	0.0	0.0	0.0	0.0
8.13	0.9840437979409309	295.0	295.0	0.0	0.0	0.0	0.0
8.14	0.9840433695088225	295.0	295.0	0.0	0.0	0.0	0.0
8.15	0.9840429439421882	295.0	295.0	0.0	0.0	0.0	0.0
8.159999999999998	0.9840425212218185	295.0	295.0	0.0	0.0	0.0	0.0
8.17	0.9840421013286332	295.0	295.0	0.0	0.0	0.0	0.0
8.18	0.9840416842436814	295.0	295.0	0.0	0.0	0.0	0.0
8.19	0.9840412699481392	295.0	295.0	0.0	0.0	0.0	0.0
8.2	0.9840408584233088	295.0	295.0	0.0	0.0	0.0	0.0
8.209999999999999	0.9840404496506175	295.0	295.0	0.0	0.0	0.0	0.0
8.22	0.9840400436116197	295.0	295.0	0.0	0.0	0.0	0.0
8.23	0.9840396402879913	295.0	295.0	0.0	0.0	0.0	0.0
8.24	0.9840392396615327	295.0	295.0	0.0	0.0	0.0	0.0
8.25	0.9840388417141669	295.0	295.0	0.0	0.0	0.0	0.0
8.26	0.984038446427938	295.0	295.0	0.0	0.0	0.0	0.0
8.27	0.9840380537850104	295.0	295.0	0.0	0.0	0.0	0.0
8.28	0.9840376637676688	295.0	295.0	0.0	0.0	0.0	0.0
8.29	0.9840372763583168	295.0	295.0	0.0	0.0	0.0	0.0
8.299999999999999	0.9840368915394772	295.0	295.0	0.0	0.0	0.0	0.0
8.31	0.9840365092937888	295.0	295.0	0.0	0.0	0.0	0.0
8.32	0.9840361296040088	295.0	295.0	0.0	0.0	0.0	0.0
8.33	0.9840357524530083	295.0	295.0	0.0	0.0	0.0	0.0
8.34	0.9840353778237739	295.0	295.0	0.0	0.0	0.0	0.0
8.350000000000001	0.9840350056994084	295.0	295.0	0.0	0.0	0.0	0.0
8.36	0.984034636063127	295.0	295.0	0.0	0.0	0.0	0.0
8.37	0.9840342688982568	295.0	295.0	0.0	0.0	0.0	0.0
8.379999999999999	0.9840339041882386	295.0	295.0	0.0	0.0	0.0	0.0
8.389999999999999	0.984033541916623	295.0	295.0	0.0	0.0	0.0	0.0
8.4	0.9840331820670722	295.0	295.0	0.0	0.0	0.0	0.0
8.41	0.9840328246233576	295.0	295.0	0.0	0.0	0.0	0.0
8.42	0.9840324695693601	295.0	295.0	0.0	0.0	0.0	0.0
8.43	0.9840321168890678	295.0	295.0	0.0	0.0	0.0	0.0
8.44	0.9840317665665784	295.0	295.0	0.0	0.0	0.0	0.0
8.450000000000001	0.9840314185860948	295.0	295.0	0.0	0.0	0.0	0.0
8.459999999999999	0.9840310729319263	295.0	295.0	0.0	0.0	0.0	0.0
8.469999999999999	0.9840307295884881	295.0	295.0	0.0	0.0	0.0	0.0
8.479999999999999	0.9840303885402991	295.0	295.0	0.0	0.0	0.0	0.0
8.49	0.9840300497719844	295.0	295.0	0.0	0.0	0.0	0.0
8.5	0.984029713268269	295.0	295.0	0.0	0.0	0.0	0.0
8.51	0.9840293790139845	295.0	295.0	0.0	0.0	0.0	0.0
8.52	0.9840290469940612	295.0	295.0	0.0	0.0	0.0	0.0
8.53	0.9840287171935319	295.0	295.0	0.0	0.0	0.0	0.0
8.540000000000001	0.9840283895975293	295.0	295.0	0.0	0.0	0.0	0.0
8.55	0.9840280641912881	295.0	295.0	0.0	0.0	0.0	0.0
8.559999999999999	0.9840277409601395	295.0	295.0	0.0	0.0	0.0	0.0
8.569999999999999	0.9840274198895145	295.0	295.0	0.0	0.0	0.0	0.0
8.58	0.9840271009649413	295.0	295.0	0.0	0.0	0.0	0.0
8.59	0.9840267841720466	295.0	295.0	0.0	0.0	0.0	0.0
8.6	0.9840264694965525	295.0	295.0	0.0	0.0	0.0	0.0
8.61	0.9840261569242766	295.0	295.0	0.0	0.0	0.0	0.0
8.62	0.9840258464411329	295.0	295.0	0.0	0.0	0.0	0.0
8.63	0.9840255380331296	295.0	295.0	0.0	0.0	0.0	0.0
8.64	0.9840252316863687	295.0	295.0	0.0	0.0	0.0	0.0
8.65	0.9840249273870458	295.0	295.0	0.0	0.0	0.0	0.0
8.659999999999998	0.9840246251214493	295.0	295.0	0.0	0.0	0.0	0.0
8.67	0.9840243248759585	295.0	295.0	0.0	0.0	0.0	0.0
8.68	0.984024026637045	295.0	295.0	0.0	0.0	0.0	0.0
8.69	0.9840237303912724	295.0	295.0	0.0	0.0	0.0	0.0
8.7	0.9840234361252932	295.0	295.0	0.0	0.0	0.0	0.0
8.709999999999999	0.9840231438258493	295.0	295.0	0.0	0.0	0.0	0.0
8.72	0.984022853479773	295.0	295.0	0.0	0.0	0.0	0.0
8.73	0.9840225650739824	295.0	295.0	0.0	0.0	0.0	0.0
8.74	0.9840222785954861	295.0	295.0	0.0	0.0	0.0	0.0
8.75	0.9840219940313792	295.0	295.0	0.0	0.0	0.0	0.0
8.76	0.9840217113688424	295.0	295.0	0.0	0.0	0.0	0.0
8.77	0.9840214305951444	295.0	295.0	0.0	0.0	0.0	0.0
8.78	0.9840211516976368	295.0	295.0	0.0	0.0	0.0	0.0
8.79	0.9840208746637589	295.0	295.0	0.0	0.0	0.0	0.0
8.799999999999999	0.9840205994810326	295.0	295.0	0.0	0.0	0.0	0.0
8.81	0.9840203261370629	295.0	295.0	0.0	0.0	0.0	0.0
8.82	0.9840200546195403	295.0	295.0	0.0	0.0	0.0	0.0
8.83	0.9840197849162363	295.0	295.0	0.0	0.0	0.0	0.0
8.84	0.984019517015003	295.0	295.0	0.0	0.0	0.0	0.0
8.85	0.9840192509037785	295.0	295.0	0.0	0.0	0.0	0.0
8.860000000000001	0.9840189865705787	295.0	295.0	0.0	0.0	0.0	0.0
8.87	0.9840187240034992	295.0	295.0	0.0	0.0	0.0	0.0
8.879999999999999	0.9840184631907175	295.0	295.0	0.0	0.0	0.0	0.0
8.889999999999999	0.9840182041204896	295.0	295.0	0.0	0.0	0.0	0.0
8.9	0.9840179467811498	295.0	295.0	0.0	0.0	0.0	0.0
8.91	0.9840176911611124	295.0	295.0	0.0	0.0	0.0	0.0
8.92	0.9840174372488676	295.0	295.0	0.0	0.0	0.0	0.0
8.93	0.984017185032984	295.0	295.0	0.0	0.0	0.0	0.0
8.94	0.9840169345021065	295.0	295.0	0.0	0.0	0.0	0.0
8.950000000000001	0.9840166856449561	295.0	295.0	0.0	0.0	0.0	0.0
8.96	0.9840164384503295	295.0	295.0	0.0	0.0	0.0	0.0
8.969999999999999	0.9840161929070987	295.0	295.0	0.0	0.0	0.0	0.0
8.979999999999999	0.9840159490042104	295.0	295.0	0.0	0.0	0.0	0.0
8.99	0.9840157067306861	295.0	295.0	0.0	0.0	0.0	0.0
9.0	0.98401546607562	295.0	295.0	0.0	0.0	0.0	0.0
9.01	0.9840152308201237	294.994626902358	294.999990428716	9.764202212014794e-05	-534.9854752650399	-30.485920781075276	-565.471493688137
9.02	0.9840150041962149	294.9899751403899	294.9999630583818	0.00017011274441447455	-998.1416321773229	-117.66438308437363	-1115.806185374441
9.03	0.9840147851304779	294.98599308574734	294.999920514089	0.0002232449642196599	-1394.6121387879693	-253.1740891073742	-1647.7864511403077
9.040000000000001	0.9840145726995753	294.9825860879976	294.99986505132694	0.0002621756979932499	-1733.8233020258906	-429.83097754683564	-2163.654541748424
9.05	0.9840143661097548	294.9796728610711	294.9997986063878	0.0002906845109986733	-2023.8700511336638	-641.4676739609843	-2665.338015779159
9.06	0.9840141646785509	294.9771835970088	294.9997228414436	0.00031155112941849694	-2271.7039571044124	-882.7899165832688	-3154.4941852388083
9.069999999999999	0.9840139678190665	294.9750583457525	294.99963918325966	0.0003268190080722988	-2483.2947048693195	-1149.2532498355424	-3632.5482815238697
9.08	0.9840137750264761	294.97324562350303	294.999548856441	0.0003379895586457238	-2663.7687652331592	-1436.9571259620764	-4100.726229184793
9.09	0.9840135858664376	294.971701217434	294.9994529119868	0.0003461652583114372	-2817.5284849503632	-1742.5539583501027	-4560.0827894657195
9.1	0.9840133999651415	294.9703871590883	294.9993522518119	0.0003521550748200042	-2948.3543594009443	-2063.1710163291596	-5011.525727885175
9.11	0.9840132170007635	294.9692708426645	294.9992476498064	0.00035655211596807845	-3059.492862178179	-2396.3433489152812	-5455.836567645573
9.12	0.9840130366961258	294.96832426776507	294.99913976991877	0.0003597908083534662	-3153.731870879248	-2739.9561805912417	-5893.6884112612925
9.13	0.984012858812396	294.9675233890433	294.99902918168914	0.00036218899157081097	-3233.465440527221	-3092.1954419047493	-6325.661244620952
9.14	0.9840126831436726	294.9668475576687	294.9989163735877	0.0003639788982239267	-3300.7494288320486	-3451.5052863570763	-6752.255079168014
9.15	0.984012509512341	294.96627904165206	294.99880176446675	0.00036532994656290896	-3357.349265177552	-3816.5516071189413	-7173.9012376264345
9.16	0.9840123377650812	294.96580261390153	294.9986857133988	0.00036636550295021664	-3404.7809727692847	-4186.190706392423	-7590.972045527203
9.17	0.9840121677694397	294.96540519844785	294.9985685281233	0.00036717520401108317	-3444.346396813062	-4559.442389780776	-8003.789153769029
9.18	0.9840119994108879	294.9650755666271	294.9984504723005	0.0003678240098858865	-3477.1634569634534	-4935.466860799376	-8412.63068558682
9.19	0.9840118325902948	294.96480407617105	294.9983317717415	0.00036835885169139715	-3504.1921268127894	-5313.544878839551	-8817.737374011173
9.2	0.9840116672217543	294.9645824471399	294.99821261975774	0.00036881350912043587	-3526.2567438913698	-5693.060719714526	-9219.317832419381
9.209999999999999	0.9840115032307251	294.9644035695046	294.9980931817548	0.00036921218635344033	-3544.065168457304	-6073.48754297246	-9617.55308064193
9.22	0.9840113405524274	294.9642613379006	294.9979735991778	0.00036957213106880715	-3558.2252361700725	-6454.374826047037	-10012.60043178922
9.23	0.9840111791304679	294.96415050972314	294.99785399289897	0.000369905550521743	-3569.2588868397906	-6835.337573349209	-10404.596830094528
9.24	0.9840110189156622	294.96406658326356	294.99773446612716	0.00037022101145511854	-3577.6142975141947	-7216.047049598404	-10793.661717333593
9.25	0.9840108598650192	294.9640056930571	294.997615106907	0.0003705244611795777	-3583.6763017645494	-7596.222822112899	-11179.899494401885
9.26	0.9840107019408717	294.9639645200144	294.99749599026245	0.0003708199710734661	-3587.77533725686	-7975.625927169814	-11563.40163524661
9.27	0.9840105451101266	294.9639402142432	294.99737718004155	0.0003711102766783547	-3590.195129473623	-8354.053001669985	-11944.248502253853
9.28	0.9840103893436252	294.963930328773	294.99725873049704	0.00037139716899714514	-3591.1792900974065	-8731.331243769635	-12322.510905264178
9.29	0.9840102346155912	294.96393276264007	294.9971406876451	0.0003716817771426406	-3590.936983358462	-9107.314085388218	-12698.251440428427
9.299999999999999	0.9840100809031583	294.9639457120124	294.9970230904322	0.0003719647716571295	-3589.647792018555	-9481.877476021642	-13071.525640004947
9.31	0.9840099281859602	294.9639676282182	294.9969059717378	0.000372246510138563	-3587.4658960182637	-9854.916691541199	-13442.382959805956
9.32	0.9840097764457854	294.9639971817009	294.9967893592335	0.00037252714089808237	-3584.523660883219	-10226.343593808038	-13810.867627218387
9.33	0.9840096256662745	294.9640332310672	294.99667327612343	0.00037280667626804487	-3580.9347192533683	-10596.084277439086	-14177.019369499121
9.34	0.9840094758326637	294.9640747965074	294.99655774177563	0.0003730850439453981	-3576.7966171454036	-10964.077049021978	-14540.874039252403
9.35	0.9840093269315642	294.96412103696906	294.99644277227014	0.00037336212253791246	-3572.1930864332344	-11330.270691821639	-14902.464151616976
9.360000000000001	0.9840091789507713	294.9641712305555	294.9963283808661	0.0003736377658403178	-3567.1959963117415	-11694.622975680782	-15261.81934563027
9.37	0.9840090318791009	294.96422475769265	294.99621457840254	0.00037391181903556614	-3561.8670291317626	-12057.09937743777	-15618.966780481327
9.379999999999999	0.9840088857062514	294.96428108667413	294.9961013736433	0.0003741841292246306	-3556.2591195082127	-12417.671982156595	-15973.931475848909
9.389999999999999	0.9840087404226802	294.96433976124723	294.9959887735746	0.0003744545519301923	-3550.4176901516544	-12776.318539615275	-16326.73660422146
9.4	0.9840085960195031	294.9644003899532	294.99587678365754	0.00037472295490070806	-3544.3817131371893	-13133.021654124721	-16677.403741984854
9.41	0.9840084524884025	294.9644626369736	294.99576540804884	0.0003749892199902405	-3538.1846212571545	-13487.768088850728	-17025.953085097088
9.42	0.9840083098215558	294.9645262142684	294.9956546497861	0.00037525324377574165	-3531.8550906531054	-13840.54816845034	-17372.403634356662
9.43	0.9840081680115654	294.96459087482555	294.9955445109492	0.00037551493741228015	-3525.4177128995198	-14191.35526614106	-17716.77335455549
9.44	0.9840080270514038	294.9646564068637	294.9954349928009	0.00037577422589718523	-3518.893572143715	-14540.185363289289	-18059.07931120721
9.450000000000001	0.9840078869343651	294.9647226288538	294.9953260959026	0.0003760310471210282	-3512.300740711783	-14887.03667127188	-18399.337788014687
9.46	0.9840077476540258	294.964789385244	294.99521782021736	0.0003762853507338626	-3505.65470474121	-15231.909306777256	-18737.5643878038
9.469999999999999	0.9840076092042052	294.9648565427893	294.99511016519824	0.00037653709695417703	-3498.968729669002	-15574.805013045874	-19073.77411925197
9.479999999999999	0.9840074715789364	294.96492398739736	294.9950031298626	0.0003767862554355794	-3492.2541740919023	-15915.726920543535	-19407.98147142169
9.49	0.9840073347724418	294.9649916214227	294.994896712857	0.00037703280412637596	-3485.520759290284	-16254.679341495736	-19740.200477818802
9.5	0.9840071987791074	294.9650593613399	294.99479091251175	0.0003772767282623768	-3478.776800695393	-16591.667593482915	-20070.444771454997
9.51	0.9840070635934653	294.96512713574907	294.9946857268897	0.0003775180194152128	-3472.029406642016	-16926.697848027674	-20398.727632187674
9.52	0.9840069292101747	294.9651948836611	294.99458115382555	0.0003777566746494543	-3465.284649061347	-17259.777000607508	-20725.062027425483
9.53	0.984006795624011	294.9652625530234	294.9944771909626	0.00037799269575700123	-3458.5477100566563	-17590.912559087486	-21049.46064713679
9.540000000000001	0.9840066628298506	294.96533009945864	294.9943738357816	0.00037822608857807083	-3451.823007767802	-17920.112547971417	-21371.935933965247
9.55	0.9840065308226622	294.96539748517614	294.9942710856268	0.00037845686241499976	-3445.1143044609144	-18247.38542622525	-21692.500109142962
9.56	0.9840063995974939	294.965464678042	294.99416893772815	0.000378685029513548	-3438.424799352757	-18572.740016758373	-22011.16519479611
9.569999999999999	0.9840062691494704	294.96553165077614	294.99406738922073	0.0003789106046130364	-3431.757208320698	-18896.185445921677	-22327.94303315295
9.579999999999998	0.984006139473783	294.96559838026707	294.99396643716034	0.0003791336045364524	-3425.1138323426258	-19217.731091608726	-22642.845303084927
9.59	0.9840060105656825	294.9656648469794	294.993866078538	0.00037935404785249816	-3418.496616287498	-19537.38653872812	-22955.8835343696
9.6	0.9840058824204794	294.96573103444786	294.9937663102911	0.00037957195461713056	-3411.907199384159	-19855.16154102639	-23267.069119982447
9.61	0.9840057550335333	294.96579692884256	294.9936671293155	0.0003797873460595902	-3405.3469585679322	-20171.065988351373	-23576.413326706603
9.62	0.9840056284002534	294.96586251859344	294.9935685324715	0.0003800002444149797	-3398.817045702623	-20485.10987859128	-23883.927304294124
9.63	0.9840055025160929	294.96592779407024	294.99347051659464	0.0003802106726991106	-3392.3184195410204	-20797.30329362916	-24189.622093380847
9.64	0.9840053773765478	294.9659927473073	294.993373078499	0.0003804186545859345	-3385.851873176592	-21107.65637874062	-24493.50863233587
9.65	0.9840052529771548	294.9660573717655	294.9932762149856	0.00038062421422591086	-3379.4180576114627	-21416.1793249535	-24795.597763189206
9.66	0.9840051293134865	294.96612166213043	294.9931799228454	0.00038082737617006757	-3373.017501991397	-21722.882353955076	-25095.900236773858
9.67	0.9840050063811512	294.96618561413663	294.99308419886376	0.0003810281652318892	-3366.6506309918436	-22027.77570517206	-25394.426717192084
9.68	0.984004884175792	294.96624922441805	294.9929890398242	0.0003812266064424641	-3360.317779733179	-22330.869624733386	-25691.18778569319
9.69	0.9840047626930855	294.96631249037927	294.9928944425103	0.0003814227249407942	-3354.0192066025056	-22632.174356032217	-25986.193944057468
9.7	0.9840046419287378	294.9663754100861	294.9928004037098	0.0003816165459293863	-3347.7551042612586	-22931.700131669455	-26279.455617547297
9.709999999999999	0.9840045218784856	294.9664379821684	294.9927069202157	0.00038180809462318166	-3341.5256090863704	-23229.457166596607	-26570.983157491097
9.72	0.984004402538099	294.9665002057403	294.9926139888281	0.00038199739620559114	-3335.3308092873394	-23525.455652261426	-26860.78684354619
9.73	0.9840042839033711	294.96656208033005	294.99252160635683	0.0003821844757725401	-3329.1707518666735	-23819.70575164051	-27148.87688569171
9.74	0.9840041659701266	294.96662360581917	294.9924297696211	0.00038236935832713925	-3323.0454486051285	-24112.21759501292	-27435.263425987458
9.75	0.9840040487342175	294.9666847823925	294.9923384754522	0.00038255206874460157	-3316.954881200336	-24403.00127637705	-27719.956540129493
9.76	0.9840039321915205	294.9667456104913	294.99224772069346	0.0003827326317376034	-3310.8990056737453	-24692.066850426527	-28002.96623883293
9.770000000000001	0.9840038163379393	294.9668060907778	294.99215750220094	0.00038291107185006723	-3304.8777561603156	-24979.42432999454	-28284.302469065962
9.78	0.9840037011694052	294.9668662241008	294.9920678168453	0.00038308741344206254	-3298.891048150272	-25265.083683916393	-28563.97511515414
9.79	0.9840035866818719	294.9669260114689	294.9919786615112	0.0003832616806693778	-3292.9387812877244	-25549.05483522517	-28841.993999774637
9.799999999999999	0.984003472871321	294.9669854540249	294.99189003309823	0.000383433897480856	-3287.0208417577055	-25831.347659663832	-29118.368884855496
9.809999999999999	0.9840033597337575	294.96704455302694	294.99180192852134	0.0003836040876250557	-3281.1371043399386	-26111.971984448486	-29393.109472392578
9.82	0.9840032472652102	294.9671033098298	294.99171434471015	0.0003837722746093952	-3275.2874341888228	-26390.93758723761	-29666.225405198773
9.83	0.9840031354617323	294.9671617258697	294.99162727861096	0.00038393848508144757	-3269.4716883443957	-26668.254195304875	-29937.726267587805
9.84	0.9840030243194013	294.9672198026515	294.99154072718636	0.00038410331991167723	-3263.689717022305	-26943.931484882854	-30207.62158600854
9.85	0.9840029138343191	294.9672775417378	294.9914546874142	0.000384340036508668	-3257.9413646685284	-27217.97908062393	-30475.92082963255
9.860000000000001	0.9840028040026086	294.9673349448044	294.99136915628947	0.0003914782887766144	-3252.2264644355223	-27490.40655503757	-30742.633410951443
9.870000000000001	0.9840026948204167	294.96739201804803	294.99128413082684	0.000874043335655994	-3246.544399435904	-27761.223416377707	-31007.768689857
9.879999999999999	0.9840025862838684	294.96744899191464	294.9911996082605	0.025465764324628992	-3240.8722270744465	-28030.4384731722	-31271.336166011046
9.889999999999999	0.984002478387358	294.9675143203871	294.9911155939494	0.9501325452414577	-3234.3682902040096	-28298.034660075326	-31533.353082824673
9.899999999999999	0.9840023710737361	294.96781708356434	294.9910323316927	26.604600174478126	-3204.2259380677415	-28563.235444631355	-31794.065982873675
9.91	0.9840022631702743	294.9729030386968	294.99095522813394	551.9911241310367	-2697.876195361886	-28808.819987501352	-32058.68730699439
9.92	0.9840021357722497	295.04862145895765	294.99097182942097	8497.0623586654	4841.566987986137	-28755.942799183853	-32411.43816986325
9.93	0.984001763491995	295.8872408563216	294.9921261180607	97252.81377280175	88474.27182071088	-25079.38682065969	-33857.928772750645
9.94	0.9839991610791105	302.66957558790557	295.00352643497484	830100.1677457682	773578.7639018144	11232.218770258372	-45289.18507369555
9.950000000000001	0.9839811988576576	340.9125171984773	295.08159644398523	5306783.648515192	4920525.284027773	259903.3260246703	-126355.03846274997
9.96	0.9838805141460462	477.1784959433389	295.4564915578141	25545650.399855584	23500819.360594407	1454205.9979254294	-590625.041335744
9.97	0.9834474638157777	782.8086822784561	296.72138901591705	93166560.02562176	85097741.52148728	5485917.607199179	-2582900.8969351645
9.979999999999999	0.9821042703881815	1265.4300223880557	299.92729173300324	260212368.3277442	235886762.02123988	15719054.913529254	-8606551.392975062
9.989999999999998	0.9790404369022175	1816.9234090369298	306.4989803176616	565507620.1679198	506485450.2501667	36759488.884518035	-22262681.033234898
10.0	0.9733269104739143	2296.549674555931	318.42799292068423	978086827.4724412	854365530.6772075	75156858.71295787	-48564438.08227538
10.01	0.9646565728683478	2632.0383115502177	335.8560790816086	1390758904.4433506	1170431768.5935345	131681469.9323264	-88645665.91748907
10.02	0.9537490864280455	2802.054414103267	357.34350406498	1696396445.2931566	1354820026.5181863	201976359.2235041	-139600059.55146602
