# time of execution: 2021-06-24 14:29:36
#model:arbspin
### simulation parameters ###
# timestep dt=1e-16[s]
# initial temperature:295.0[K]
# initial magnetization [x,y,z]:[0.0, 0.0, 0.9863]
### sample paramters ###
# Sample: Iron
# S=2
# mu_at=2.2[mu_B]
# nx=1	ny=1	nz=1
# dx=2.856e-10	dy=2.856e-10	dz=2.856e-10	[m]
# atoms per unit cell:2
# asf=0.06
# gep, cv_el, cv_ph: DFT-interpolation
# Tc=1041[K]
# T_Deb=396[K]
### pulse paramters ###
# peak power:7e+21[W/m^3]
# sigma=1.8e-14[s]
# delay=2.5e-11[s]
#############################
# time [ps]	magnetization	T_e [K]	T_p [K]	E_tot [J/m^3]	E_el [J/m^3]	E_ph [J/m^3]	E_spin [J/m^3]
0.0	1.0	295.0	295.0	0	0	0	0
0.01	0.9998795784787095	292.165778116779	294.9949041028506	24.88008093010876	-280908.59243701334	-16231.140880382442	-297164.6133983261
0.02	0.9997641245316765	289.73463580402046	294.98052814163736	42.221993243771976	-519974.61915948754	-62020.288963094696	-582037.1301158264
0.03	0.9996529714563467	287.65370206882017	294.95824874175025	54.935227584687254	-723229.6178959411	-132981.99460791604	-856266.5477314414
0.04	0.9995455560463229	285.87608251324974	294.9292555041933	64.27027125508766	-895855.1120853192	-225326.30094873568	-1121245.6833053092
0.05	0.9994414022650633	284.3599327761203	294.89457350306475	72.27511505139	-1042292.1369850066	-335787.2281100129	-1378151.6402100697
0.06	0.9993401080673094	283.06909477985096	294.8550830181205	78.09196947161945	-1166340.3639094995	-461560.0106819109	-1627978.466560879
0.07	0.9992413323647331	281.9726327053754	294.81154159491587	82.3049065017035	-1271256.2327529201	-600230.8857634765	-1871569.4234228947
0.08	0.9991447854145795	281.04353838610103	294.7646007982119	85.34725562271706	-1359831.6768262335	-749723.7589210601	-2109640.783002912
0.09	0.9990502207548788	280.2583134044305	294.7148201181739	87.53897340384219	-1434458.3310189203	-908255.9221507576	-2342801.79214308
0.1	0.9989574283614735	279.5965739996593	294.66267919739335	89.11525757587242	-1497183.3819178923	-1074299.1094773852	-2571571.6066528526
0.11	0.9988662292489012	279.0406865663654	294.60858877800365	90.24826532103361	-1549757.781665917	-1246544.622819338	-2796392.6527505736
0.12	0.9987764707313874	278.57543113159176	294.5529002010575	91.06350406998445	-1593678.2220070108	-1423873.0654389483	-3017642.3509500274
0.13	0.9986880224211657	278.187696575898	294.4959136857371	91.65211152992924	-1630223.4017854084	-1605327.9601171957	-3235643.0140141323
0.14	0.9986007728471504	277.86620758693107	294.43788552118144	92.07772824080848	-1660485.3009604695	-1790092.8303575187	-3450670.2090462265
0.15	0.9985146265919499	277.60128679057976	294.3790343050728	92.38394196541049	-1685396.1344055347	-1977471.3181833478	-3662959.8365308433
0.16	0.9984295018715197	277.3846272074505	294.3195463275331	92.61375591959177	-1705751.4752390326	-2166870.0250408896	-3872714.114035837
0.17	0.9983453284954372	277.2091092477521	294.259580187446	92.79062240646454	-1722230.0290855442	-2357783.798552171	-4080106.618260116
0.18	0.9982620461288565	277.0686394980937	294.1992707897634	92.93118227971172	-1735410.6574432338	-2549782.992089814	-4285286.580715326
0.19	0.9981796028178967	276.95800665476077	294.1387327823994	93.04716884076242	-1745786.9741874812	-2742502.5104734264	-4488382.531829738
0.2	0.9980979537388781	276.8727566406667	294.0780635046808	93.14679306383573	-1753779.8322194333	-2935632.4125069254	-4689505.391519411
0.21	0.9980170601367861	276.80908464309414	294.01734551410703	93.23574843703796	-1759747.9984723248	-3128909.857628091	-4888751.091848841
0.22	0.997936888423888	276.76374199188626	293.9566487497973	93.31793768078387	-1763997.2752179187	-3322112.2106386265	-5086202.803794212
0.22999999999999998	0.9978574094139636	276.73395599258214	293.89603238345234	93.39599668496271	-1766788.2902589396	-3515051.1425022758	-5281932.828757885
0.24	0.9977785976714983	276.7173610244356	293.8355464019442	93.4716709923523	-1768343.1477012883	-3707567.5866051023	-5476004.205977371
0.25	0.9977004309583531	276.71193940184656	293.7752329597032	93.54608534023373	-1768851.1041166421	-3899527.428805318	-5668472.079007291
0.26	0.9976228897631846	276.7159706747815	293.71512753385014	93.61993584556762	-1768473.4115908754	-4090817.8262412744	-5859384.857767987
0.27	0.9975459569011015	276.72798820672233	293.6552599104529	93.69362638635084	-1767347.4489897937	-4281344.064418399	-6048785.207034573
0.28	0.9974696171730015	276.74674201644433	293.59565502632006	93.76736484347703	-1765590.245376698	-4471026.87476733	-6236710.88750887
0.29	0.9973938570756186	276.7711670023996	293.5363336872851	93.84123056177646	-1763301.4845364604	-4659800.145860465	-6423195.471627487
0.3	0.9973186645546769	276.800355786126	293.4773131809584	93.91522124795938	-1760566.0666841895	-4847608.970986508	-6608268.952891948
0.31	0.9972440287947139	276.8335355148756	293.4186077993454	93.98928523668405	-1757456.2923835088	-5034407.982992003	-6791958.264660751
0.32	0.9971699400400799	276.8700480545943	293.36022928451234	94.06334339482964	-1754033.724223216	-5220159.934369262	-6974287.7219358785
0.33	0.9970963894424776	276.9093330837574	293.30218720857494	94.13730372976897	-1750350.773684829	-5404834.486649027	-7155279.3976375945
0.34	0.9970233689310757	276.95091366746294	293.2444892920256	94.21245057676447	-1746452.0536930133	-5588407.176990099	-7334953.443133696
0.35	0.9969508711018571	276.99438394557984	293.18714158029724	94.2910134184142	-1742375.5319025507	-5770858.538372562	-7513328.361288539
0.36	0.99687888912334	277.0393986330818	293.1301488547838	94.36914144109983	-1738153.5135061124	-5952173.356459979	-7690421.239107543
0.37	0.9968074166561852	277.0856640800536	293.07351480681433	94.44675587154234	-1733813.477552518	-6132340.0217913855	-7866247.9460997805
0.38	0.9967364477846731	277.13293064114737	293.0172421647638	94.52378700261715	-1729378.7904368697	-6311349.98911295	-8040823.303336827
0.39	0.996665976958297	277.18098616927205	292.9613328397352	94.60017428039532	-1724869.3140509026	-6489197.313350184	-8214161.227575373
0.4	0.9965959989419497	277.2296504693528	292.9057880496977	94.67586595984471	-1720301.9240546913	-6665878.254227338	-8386274.854147997
0.41	0.9965265087734453	277.2787705708755	292.8506084252611	94.75081851051004	-1715690.9515511787	-6841390.939400446	-8557176.641770143
0.42	0.9964575017272835	277.3282166986058	292.79579409979345	94.82499589407394	-1711048.5594840366	-7015735.077463179	-8726878.461943118
0.43	0.9963889732837354	277.37787883854804	292.74134478619953	94.8983687940538	-1706385.0634071338	-7188911.713458871	-8895391.675234815
0.44	0.9963209191024538	277.4276638113395	292.68725984232566	94.97091384895384	-1701709.2048483742	-7360923.020618657	-9062727.1963809
0.45	0.9962533349999606	277.4774927781802	292.6335383266731	95.04261292016213	-1697028.3842754588	-7531772.12297267	-9228895.549861077
0.45999999999999996	0.9961862169304044	277.52729911542053	292.58017904585205	95.11345241236268	-1692348.8596352055	-7701462.944271551	-9393906.917359198
0.47000000000000003	0.9961195609691391	277.57702660335934	292.52718059499773	95.1834226551714	-1687675.9155553267	-7870000.079329587	-9557771.178307598
0.48	0.9960533632986875	277.6266278828186	292.47454139218394	95.25251734862513	-1683014.0075451538	-8037388.684475062	-9720497.944537599
0.49000000000000005	0.9959876201967375	277.67606313992184	292.4222597077277	95.32073307156315	-1678366.884890653	-8203634.38428337	-9882096.589907125
0.5	0.9959223280258804	277.72529898534435	292.37033368913404	95.3880688495608	-1673737.6953926168	-8368743.192185712	-10042576.27564721
0.5099999999999999	0.9958574832248276	277.7743074992868	292.3187613823301	95.45452577785045	-1669129.0746314155	-8532721.442901941	-10201945.972059172
0.52	0.9957930823008839	277.8230654176707	292.2675407497335	95.52010669410629	-1664543.2220448381	-8695575.734949563	-10360214.477101116
0.5299999999999999	0.9957291218235077	277.8715534386767	292.2166696856251	95.58481589583994	-1659981.965767611	-8857312.88173886	-10517390.432322392
0.54	0.995665598418776	277.91975563183195	292.16614602922283	95.64865889725706	-1655446.8178929496	-9017939.869984886	-10673482.33653676
0.5499999999999999	0.9956025087646714	277.96765884880307	292.11596757572	95.71185811956389	-1650939.0210335373	-9177463.82460166	-10828498.557493335
